SubNo  trial   choice  reward  reward_cent exploit exp_par prob    prob_cent   action_value    action_value_cent   PE  PE_cent
1395	1	4	91	16.694	0	0.061406	0.25	-0.20594	0	-66.505	91	83.191
1395	2	3	34	-40.306	0	0.061406	0.16629	-0.28965	0	-66.505	34	26.191
1395	3	2	90	15.694	0	0.061406	0.15329	-0.30265	0	-66.505	90	82.191
1395	4	1	85	10.694	0	0.061406	0.11763	-0.33831	0	-66.505	85	77.191
1395	5	4	84	9.6939	1	0.061406	0.29249	-0.16345	17.965	-48.541	66.035	58.226
1395	6	3	27	-47.306	0	0.061406	0.10786	-0.34808	6.7121	-59.793	20.288	12.479
1395	7	2	90	15.694	0	0.061406	0.20646	-0.24948	17.767	-48.738	72.233	64.424
1395	8	1	90	15.694	0	0.061406	0.15073	-0.30521	16.78	-49.725	73.22	65.411
1395	9	1	88	13.694	0	0.061406	0.30127	-0.15467	31.235	-35.27	56.765	48.956
1395	10	4	87	12.694	0	0.061406	0.22875	-0.22719	31.001	-35.504	55.999	48.19
1395	11	2	89	14.694	0	0.061406	0.19932	-0.25661	32.027	-34.478	56.973	49.164
1395	12	1	88	13.694	0	0.061406	0.31529	-0.14065	42.441	-24.064	45.559	37.75
1395	13	4	82	7.6939	0	0.061406	0.24985	-0.20609	42.056	-24.449	39.944	32.135
1395	14	2	89	14.694	0	0.061406	0.23299	-0.22294	43.275	-23.231	45.725	37.916
1395	15	1	77	2.6939	0	0.061406	0.32797	-0.12797	51.435	-15.07	25.565	17.756
1395	16	2	92	17.694	0	0.061406	0.30906	-0.14688	52.301	-14.204	39.699	31.889
1395	17	2	90	15.694	1	0.061406	0.41988	-0.036059	60.139	-6.3669	29.861	22.052
1395	18	2	89	14.694	1	0.061406	0.50968	0.053743	66.034	-0.47182	22.966	15.157
1395	19	2	91	16.694	1	0.061406	0.57863	0.12269	70.568	4.0621	20.432	12.623
1395	20	2	88	13.694	1	0.061406	0.63757	0.18163	74.601	8.0958	13.399	5.5897
1395	21	2	87	12.694	1	0.061406	0.6742	0.21826	77.246	10.741	9.7536	1.9446
1395	22	2	87	12.694	1	0.061406	0.69962	0.24368	79.172	12.666	7.8281	0.019043
1395	23	1	78	3.6939	0	0.061406	0.16238	-0.29356	56.482	-10.023	21.518	13.709
1395	24	4	69	-5.3061	0	0.061406	0.10365	-0.35229	49.942	-16.564	19.058	11.249
1395	25	2	100	25.694	1	0.061406	0.66799	0.21205	80.717	14.212	19.283	11.474
1395	26	2	99	24.694	1	0.061406	0.71765	0.26171	84.524	18.019	14.476	6.6669
1395	27	2	95	20.694	1	0.061406	0.75182	0.29588	87.382	20.876	7.6182	-0.19084
1395	28	2	93	18.694	1	0.061406	0.76865	0.31271	88.886	22.38	4.1143	-3.6948
1395	29	2	98	23.694	1	0.061406	0.7774	0.32146	89.698	23.192	8.3021	0.49298
1395	30	2	101	26.694	1	0.061406	0.79433	0.33839	91.337	24.831	9.6631	1.854
1395	31	2	99	24.694	1	0.061406	0.81281	0.35687	93.245	26.739	5.7555	-2.0536
1395	32	2	98	23.694	1	0.061406	0.82319	0.36725	94.381	27.875	3.6192	-4.1898
1395	33	2	100	25.694	1	0.061406	0.82949	0.37355	95.095	28.59	4.9047	-2.9043
1395	34	2	100	25.694	1	0.061406	0.83773	0.38179	96.064	29.558	3.9365	-3.8726
1395	35	2	100	25.694	1	0.061406	0.84412	0.38818	96.841	30.335	3.1594	-4.6497
1395	36	1	65	-9.3061	0	0.061406	0.088984	-0.36696	60.73	-5.7754	4.2699	-3.5392
1395	37	4	68	-6.3061	0	0.061406	0.057529	-0.39841	53.704	-12.801	14.296	6.4868
1395	38	2	99	24.694	1	0.061406	0.83599	0.38005	97.464	30.959	1.5356	-6.2734
1395	39	2	100	25.694	1	0.061406	0.83853	0.38259	97.768	31.262	2.2325	-5.5766
1395	40	2	97	22.694	1	0.061406	0.84216	0.38622	98.208	31.703	-1.2082	-9.0173
1395	41	2	97	22.694	1	0.061406	0.8402	0.38426	97.97	31.464	-0.96972	-8.7788
1395	42	2	97	22.694	1	0.061406	0.83862	0.38268	97.778	31.273	-0.77828	-8.5873
1395	43	2	99	24.694	1	0.061406	0.83734	0.3814	97.625	31.119	1.3754	-6.4337
1395	44	2	101	26.694	1	0.061406	0.8396	0.38366	97.896	31.391	3.1038	-4.7052
1395	45	2	102	27.694	1	0.061406	0.8446	0.38866	98.509	32.003	3.4911	-4.318
1395	46	2	102	27.694	1	0.061406	0.85007	0.39413	99.198	32.693	2.8019	-5.0072
1395	47	2	101	26.694	1	0.061406	0.85435	0.39841	99.751	33.246	1.2488	-6.5603
1395	48	2	97	22.694	1	0.061406	0.85622	0.40028	99.998	33.492	-2.9978	-10.807
1395	49	3	58	-16.306	0	0.061406	0.0036737	-0.45227	10.717	-55.788	47.283	39.474
1395	50	2	93	18.694	1	0.061406	0.84928	0.39334	99.406	32.9	-6.406	-14.215
1395	51	2	93	18.694	1	0.061406	0.83907	0.38313	98.141	31.636	-5.1413	-12.95
1395	52	2	94	19.694	1	0.061406	0.83047	0.37453	97.126	30.621	-3.1263	-10.935
1395	53	2	95	20.694	1	0.061406	0.82507	0.36913	96.509	30.004	-1.5092	-9.3182
1395	54	2	96	21.694	1	0.061406	0.82241	0.36647	96.211	29.706	-0.21123	-8.0203
1395	55	2	94	19.694	1	0.061406	0.82204	0.3661	96.17	29.664	-2.1695	-9.9786
1395	56	2	90	15.694	1	0.061406	0.81816	0.36222	95.741	29.236	-5.7412	-13.55
1395	57	2	90	15.694	1	0.061406	0.80757	0.35163	94.608	28.102	-4.6078	-12.417
1395	58	2	85	10.694	1	0.061406	0.79874	0.3428	93.698	27.193	-8.6982	-16.507
1395	59	2	82	7.6939	1	0.061406	0.78126	0.32532	91.981	25.476	-9.981	-17.79
1395	60	1	61	-13.306	0	0.061406	0.13254	-0.3234	61.573	-4.9324	-0.57305	-8.3821
1395	61	2	81	6.6939	1	0.061406	0.76058	0.30464	90.011	23.505	-9.0106	-16.82
1395	62	2	78	3.6939	1	0.061406	0.74012	0.28418	88.232	21.726	-10.232	-18.041
1395	63	4	73	-1.3061	0	0.061406	0.11561	-0.34033	56.526	-9.9791	16.474	8.6646
1395	64	2	78	3.6939	1	0.061406	0.69774	0.2418	86.212	19.706	-8.2119	-16.021
1395	65	2	76	1.6939	1	0.061406	0.67634	0.2204	84.591	18.085	-8.5907	-16.4
1395	66	1	50	-24.306	0	0.061406	0.17513	-0.28081	61.46	-5.0456	-11.46	-19.269
1395	67	3	53	-21.306	0	0.061406	0.014095	-0.44185	20.052	-46.454	32.948	25.139
1395	68	2	74	-0.30612	1	0.061406	0.66373	0.20779	82.895	16.389	-8.8948	-16.704
1395	69	4	63	-11.306	0	0.061406	0.1722	-0.28374	59.779	-6.727	3.2215	-4.5876
1395	70	2	70	-4.3061	1	0.061406	0.6349	0.17896	81.139	14.633	-11.139	-18.948
1395	71	2	73	-1.3061	1	0.061406	0.60306	0.14713	78.94	12.434	-5.9398	-13.749
1395	72	1	53	-21.306	0	0.061406	0.18727	-0.26867	59.198	-7.3079	-6.1976	-14.007
1395	73	2	71	-3.3061	1	0.061406	0.59375	0.13781	77.767	11.262	-6.7672	-14.576
1395	74	2	71	-3.3061	1	0.061406	0.57382	0.11788	76.431	9.9258	-5.4313	-13.24
1395	75	2	66	-8.3061	1	0.061406	0.55765	0.10171	75.359	8.8536	-9.3591	-17.168
1395	76	4	61	-13.306	0	0.061406	0.23692	-0.21902	60.414	-6.091	0.58552	-7.2235
1395	77	3	44	-30.306	0	0.061406	0.029575	-0.42637	26.556	-39.949	17.444	9.6348
1395	78	1	54	-20.306	0	0.061406	0.2022	-0.25374	57.974	-8.5314	-3.9741	-11.783
1395	79	2	54	-20.306	1	0.061406	0.53	0.074062	73.511	7.006	-19.511	-27.32
1395	80	2	55	-19.306	1	0.061406	0.47094	0.014999	69.66	3.1541	-14.66	-22.469
1395	81	2	56	-18.306	1	0.061406	0.427	-0.028936	66.766	0.26007	-10.766	-18.575
1395	82	4	56	-18.306	0	0.061406	0.30722	-0.14872	60.53	-5.9754	-4.5301	-12.339
1395	83	4	57	-17.306	0	0.061406	0.29565	-0.16029	59.636	-6.8697	-2.6358	-10.445
1395	84	2	61	-13.306	1	0.061406	0.40579	-0.050149	64.64	-1.8652	-3.6403	-11.449
1395	85	2	63	-11.306	1	0.061406	0.3952	-0.060744	63.922	-2.5839	-0.92162	-8.7307
1395	86	2	58	-16.306	1	0.061406	0.39253	-0.063411	63.74	-2.7658	-5.7397	-13.549
1395	87	4	61	-13.306	0	0.061406	0.3035	-0.15244	59.115	-7.3901	1.8846	-5.9245
1395	88	4	60	-14.306	0	0.061406	0.30835	-0.14759	59.487	-7.018	0.51253	-7.2965
1395	89	1	63	-11.306	0	0.061406	0.26726	-0.18868	57.19	-9.316	5.8105	-1.9986
1395	90	1	63	-11.306	0	0.061406	0.28128	-0.17466	58.337	-8.1689	4.6634	-3.1457
1395	91	1	63	-11.306	0	0.061406	0.29285	-0.16309	59.257	-7.2483	3.7428	-4.0663
1395	92	NaN	NaN	0	0	0.061406	0	0	0	0	0	0
1395	93	1	60	-14.306	0	0.061406	0.30233	-0.15361	59.996	-6.5094	0.0038912	-7.8052
1395	94	3	33	-41.306	0	0.061406	0.04792	-0.40802	30	-36.506	3.0002	-4.8089
1395	95	2	54	-20.306	1	0.061406	0.35426	-0.10168	62.607	-3.8989	-8.6066	-16.416
1395	96	4	63	-11.306	0	0.061406	0.30504	-0.1509	59.589	-6.9168	3.4114	-4.3977
1395	97	1	58	-16.306	0	0.061406	0.3088	-0.14714	59.997	-6.5086	-1.9969	-9.8059
1395	98	4	56	-18.306	0	0.061406	0.31621	-0.13973	60.262	-6.2434	-4.2621	-12.071
1395	99	4	57	-17.306	0	0.061406	0.30515	-0.15079	59.421	-7.0848	-2.4207	-10.23
1395	100	2	57	-17.306	1	0.061406	0.33729	-0.11865	60.908	-5.598	-3.9075	-11.717
1395	101	1	56	-18.306	0	0.061406	0.31626	-0.13968	59.603	-6.9028	-3.6027	-11.412
1395	102	2	61	-13.306	1	0.061406	0.33126	-0.12468	60.136	-6.3694	0.8639	-6.9452
1395	103	2	61	-13.306	1	0.061406	0.33359	-0.12235	60.307	-6.1988	0.69335	-7.1157
1395	104	2	68	-6.3061	1	0.061406	0.33546	-0.12048	60.444	-6.062	7.5565	-0.2526
1395	105	2	62	-12.306	1	0.061406	0.35618	-0.099761	61.935	-4.5702	0.064708	-7.7444
1395	106	4	75	0.69388	0	0.061406	0.29631	-0.15963	58.943	-7.5627	16.057	8.2481
1395	107	1	56	-18.306	0	0.061406	0.27769	-0.17825	58.891	-7.614	-2.8914	-10.701
1395	108	4	73	-1.3061	1	0.061406	0.3417	-0.11424	62.113	-4.3927	10.887	3.0782
1395	109	4	73	-1.3061	1	0.061406	0.37198	-0.083963	64.262	-2.2434	8.7379	0.92887
1395	110	4	74	-0.30612	1	0.061406	0.39704	-0.058902	65.987	-0.51841	8.0129	0.20386
1395	111	4	78	3.6939	1	0.061406	0.42051	-0.035431	67.569	1.0635	10.431	2.622
1395	112	4	75	0.69388	1	0.061406	0.45159	-0.0043461	69.628	3.1227	5.3718	-2.4373
1395	113	4	72	-2.3061	1	0.061406	0.46777	0.011827	70.689	4.1832	1.3113	-6.4977
1395	114	4	79	4.6939	1	0.061406	0.47173	0.015786	70.948	4.4421	8.0525	0.24338
1395	115	4	83	8.6939	1	0.061406	0.4961	0.04016	72.537	6.0317	10.463	2.6537
1395	116	4	80	5.6939	1	0.061406	0.52778	0.07184	74.603	8.0973	5.3973	-2.4118
1395	117	2	62	-12.306	0	0.061406	0.23429	-0.22165	61.948	-4.5574	0.051934	-7.7571
1395	118	NaN	NaN	0	0	0.061406	0	0	0	0	0	0
1395	119	4	78	3.6939	1	0.061406	0.54397	0.088031	75.668	9.1628	2.3318	-5.4773
1395	120	4	76	1.6939	1	0.061406	0.55097	0.095034	76.129	9.6231	-0.12857	-7.9376
1395	121	4	75	0.69388	1	0.061406	0.55059	0.094649	76.103	9.5977	-1.1032	-8.9123
1395	122	4	75	0.69388	1	0.061406	0.54728	0.091337	75.885	9.3799	-0.8854	-8.6945
1395	123	4	74	-0.30612	1	0.061406	0.54462	0.088677	75.711	9.2051	-1.7106	-9.5197
1395	124	1	47	-27.306	0	0.061406	0.18933	-0.26661	58.321	-8.1849	-11.321	-19.13
1395	125	4	71	-3.3061	1	0.061406	0.55289	0.096952	75.373	8.8674	-4.3729	-12.182
1395	126	2	56	-18.306	0	0.061406	0.24973	-0.20621	61.958	-4.5472	-5.9583	-13.767
1395	127	4	68	-6.3061	1	0.061406	0.54931	0.093373	74.51	8.0041	-6.5096	-14.319
1395	128	4	70	-4.3061	1	0.061406	0.52971	0.073771	73.225	6.719	-3.2245	-11.034
1395	129	3	35	-39.306	0	0.061406	0.039447	-0.41649	30.592	-35.913	4.4079	-3.4012
1395	130	4	68	-6.3061	1	0.061406	0.51884	0.062899	72.588	6.0825	-4.588	-12.397
1395	131	4	65	-9.3061	1	0.061406	0.50494	0.049004	71.682	5.1767	-6.6822	-14.491
1395	132	1	54	-20.306	0	0.061406	0.20171	-0.25423	56.086	-10.42	-2.0858	-9.8948
1395	133	3	35	-39.306	0	0.061406	0.044693	-0.41125	31.462	-35.043	3.5377	-4.2714
1395	134	2	53	-21.306	0	0.061406	0.26996	-0.18598	60.782	-5.7234	-7.7821	-15.591
1395	135	4	68	-6.3061	1	0.061406	0.49831	0.042369	70.363	3.8576	-2.363	-10.172
1395	136	4	76	1.6939	1	0.061406	0.49115	0.035208	69.897	3.3911	6.1035	-1.7056
1395	137	4	70	-4.3061	1	0.061406	0.50964	0.053704	71.101	4.596	-1.1015	-8.9105
1395	138	4	70	-4.3061	1	0.061406	0.50631	0.050366	70.884	4.3785	-0.88402	-8.6931
1395	139	4	71	-3.3061	1	0.061406	0.50363	0.047687	70.709	4.204	0.2905	-7.5186
1395	140	4	66	-8.3061	1	0.061406	0.50451	0.048568	70.767	4.2614	-4.7668	-12.576
1395	141	1	61	-13.306	0	0.061406	0.20552	-0.25042	55.674	-10.831	5.326	-2.4831
1395	142	4	63	-11.306	1	0.061406	0.48344	0.027496	69.826	3.3203	-6.8258	-14.635
1395	143	2	71	-3.3061	0	0.061406	0.26254	-0.1934	59.246	-7.2597	11.754	3.9452
1395	144	2	73	-1.3061	0	0.061406	0.29104	-0.1649	61.566	-4.9393	11.434	3.6247
1395	145	2	71	-3.3061	0	0.061406	0.32044	-0.1355	63.823	-2.682	7.1766	-0.6325
1395	146	2	75	0.69388	0	0.061406	0.33968	-0.11626	65.24	-1.2653	9.7598	1.9507
1395	147	NaN	NaN	0	0	0.061406	0	0	0	0	0	0
1395	148	2	69	-5.3061	0	0.061406	0.3667	-0.089245	67.167	0.66145	1.8331	-5.976
1395	149	2	70	-4.3061	0	0.061406	0.37187	-0.084069	67.529	1.0233	2.4712	-5.3379
