SubNo  trial   choice  reward  reward_cent exploit exp_par prob    prob_cent   action_value    action_value_cent   PE  PE_cent
1272	1	3	10	-50.12	0	0.089609	0.25	-0.48071	0	-58.175	10	8.0816
1272	2	2	71	10.88	0	0.089609	0.21961	-0.5111	0	-58.175	71	69.082
1272	3	2	74	13.88	1	0.089609	0.86525	0.13454	34.901	-23.274	39.099	37.18
1272	4	2	74	13.88	1	0.089609	0.97293	0.24222	54.121	-4.0541	19.879	17.96
1272	5	2	80	19.88	1	0.089609	0.98854	0.25783	63.893	5.7178	16.107	14.189
1272	6	2	80	19.88	1	0.089609	0.99433	0.26362	71.811	13.635	8.1893	6.2709
1272	7	2	75	14.88	1	0.089609	0.99604	0.26533	75.836	17.661	-0.83632	-2.7547
1272	8	2	77	16.88	1	0.089609	0.99589	0.26518	75.425	17.25	1.5748	-0.34362
1272	9	2	79	18.88	1	0.089609	0.99617	0.26546	76.199	18.024	2.8007	0.88226
1272	10	2	80	19.88	1	0.089609	0.99661	0.2659	77.576	19.401	2.4239	0.50554
1272	11	2	76	15.88	1	0.089609	0.99695	0.26624	78.768	20.592	-2.7676	-4.686
1272	12	4	64	3.88	0	0.089609	0.00096841	-0.72974	0	-58.175	64	62.082
1272	13	2	78	17.88	1	0.089609	0.98158	0.25087	77.407	19.232	0.59287	-1.3255
1272	14	2	77	16.88	1	0.089609	0.98204	0.25133	77.699	19.523	-0.69857	-2.617
1272	15	2	81	20.88	1	0.089609	0.98149	0.25078	77.355	19.18	3.6448	1.7264
1272	16	2	78	17.88	1	0.089609	0.98419	0.25349	79.147	20.972	-1.1469	-3.0653
1272	17	2	77	16.88	1	0.089609	0.98339	0.25268	78.583	20.408	-1.5831	-3.5015
1272	18	2	79	18.88	1	0.089609	0.98221	0.2515	77.805	19.63	1.1951	-0.72331
1272	19	2	80	19.88	1	0.089609	0.98311	0.2524	78.392	20.217	1.6076	-0.31078
1272	20	2	79	18.88	1	0.089609	0.98424	0.25353	79.183	21.007	-0.18263	-2.101
1272	21	2	79	18.88	1	0.089609	0.98412	0.25341	79.093	20.918	-0.092856	-2.0113
1272	22	2	81	20.88	1	0.089609	0.98405	0.25335	79.047	20.872	1.9528	0.034378
1272	23	2	81	20.88	1	0.089609	0.98535	0.25464	80.007	21.832	0.99286	-0.92555
1272	24	1	17	-43.12	0	0.089609	0.00072651	-0.72998	0	-58.175	17	15.082
1272	25	2	78	17.88	1	0.089609	0.98517	0.25446	80.495	22.32	-2.4952	-4.4136
1272	26	2	79	18.88	1	0.089609	0.98347	0.25277	79.269	21.093	-0.26864	-2.187
1272	27	2	73	12.88	1	0.089609	0.98328	0.25257	79.137	20.961	-6.1366	-8.055
1272	28	2	73	12.88	1	0.089609	0.9782	0.2475	76.12	17.945	-3.12	-5.0384
1272	29	2	71	10.88	1	0.089609	0.97507	0.24437	74.586	16.411	-3.5863	-5.5047
1272	30	2	71	10.88	1	0.089609	0.97093	0.24022	72.823	14.648	-1.8234	-3.7418
1272	31	2	67	6.88	1	0.089609	0.96858	0.23787	71.927	13.752	-4.9271	-6.8455
1272	32	2	69	8.88	1	0.089609	0.96126	0.23055	69.505	11.33	-0.50507	-2.4235
1272	33	2	65	4.88	1	0.089609	0.96042	0.22971	69.257	11.082	-4.2568	-6.1752
1272	34	4	44	-16.12	0	0.089609	0.038855	-0.69185	31.46	-26.715	12.54	10.621
1272	35	2	66	5.88	1	0.089609	0.92611	0.1954	67.164	8.9891	-1.1643	-3.0827
1272	36	2	64	3.88	1	0.089609	0.92252	0.19181	66.592	8.4167	-2.592	-4.5104
1272	37	2	62	1.88	1	0.089609	0.91396	0.18325	65.318	7.1426	-3.3178	-5.2362
1272	38	2	59	-1.12	1	0.089609	0.90175	0.17104	63.687	5.5117	-4.6869	-6.6053
1272	39	4	54	-6.12	0	0.089609	0.10491	-0.6258	37.625	-20.551	16.375	14.457
1272	40	2	54	-6.12	1	0.089609	0.79384	0.063132	61.383	3.2077	-7.383	-9.3014
1272	41	2	58	-2.12	1	0.089609	0.73556	0.0048511	57.754	-0.4215	0.24628	-1.6721
1272	42	2	55	-5.12	1	0.089609	0.73766	0.0069559	57.875	-0.30044	-2.8748	-4.7932
1272	43	2	57	-3.12	1	0.089609	0.71243	-0.018275	56.462	-1.7136	0.53837	-1.38
1272	44	2	61	0.88	1	0.089609	0.71727	-0.013441	56.726	-1.4489	4.2737	2.3553
1272	45	2	59	-1.12	1	0.089609	0.75384	0.023132	58.827	0.65189	0.17289	-1.7455
1272	46	2	58	-2.12	1	0.089609	0.75525	0.024543	58.912	0.73688	-0.9121	-2.8305
1272	47	3	29	-31.12	0	0.089609	0.0061636	-0.72454	4.9157	-53.26	24.084	22.166
1272	48	2	56	-4.12	1	0.089609	0.73914	0.0084344	58.464	0.28852	-2.4637	-4.3821
1272	49	2	56	-4.12	1	0.089609	0.71768	-0.013026	57.253	-0.92258	-1.2526	-3.171
1272	50	2	58	-2.12	1	0.089609	0.70637	-0.024339	56.637	-1.5383	1.3631	-0.55529
1272	51	2	57	-3.12	1	0.089609	0.71867	-0.012041	57.307	-0.86827	-0.30695	-2.2254
1272	52	2	55	-5.12	1	0.089609	0.71592	-0.014783	57.156	-1.0192	-2.1561	-4.0745
1272	53	2	50	-10.12	1	0.089609	0.69622	-0.034488	56.096	-2.079	-6.0962	-8.0146
1272	54	2	53	-7.12	1	0.089609	0.63664	-0.094064	53.099	-5.0757	-0.099495	-2.0179
1272	55	2	56	-4.12	1	0.089609	0.63563	-0.095078	53.051	-5.1246	2.9494	1.031
1272	56	2	50	-10.12	1	0.089609	0.66516	-0.06555	54.5	-3.6748	-4.5004	-6.4188
1272	57	2	49	-11.12	1	0.089609	0.61966	-0.11104	52.288	-5.8871	-3.2882	-5.2066
1272	58	4	27	-33.12	0	0.089609	0.37382	-0.35689	45.674	-12.501	-18.674	-20.593
1272	59	2	47	-13.12	1	0.089609	0.74012	0.0094088	50.672	-7.5034	-3.6718	-5.5902
1272	60	2	49	-11.12	1	0.089609	0.70782	-0.022885	48.867	-9.3084	0.13315	-1.7853
1272	61	2	52	-8.12	1	0.089609	0.70903	-0.021673	48.932	-9.2429	3.0677	1.1493
1272	62	2	52	-8.12	1	0.089609	0.73611	0.0053988	50.44	-7.7349	1.5597	-0.3587
1272	63	2	50	-10.12	1	0.089609	0.74923	0.018527	51.207	-6.9682	-1.207	-3.1254
1272	64	2	44	-16.12	1	0.089609	0.73911	0.0084057	50.614	-7.5615	-6.6137	-8.5321
1272	65	2	47	-13.12	1	0.089609	0.67919	-0.051521	47.363	-10.813	-0.36259	-2.281
1272	66	2	43	-17.12	1	0.089609	0.6757	-0.055011	47.184	-10.991	-4.1844	-6.1028
1272	67	2	39	-21.12	1	0.089609	0.63408	-0.09663	45.127	-13.048	-6.1275	-8.0459
1272	68	2	39	-21.12	1	0.089609	0.56951	-0.1612	42.115	-16.06	-3.1154	-5.0338
1272	69	2	35	-25.12	1	0.089609	0.53559	-0.19512	40.584	-17.591	-5.584	-7.5024
1272	70	4	30	-30.12	0	0.089609	0.42036	-0.31035	36.495	-21.681	-6.4945	-8.4129
1272	71	3	51	-9.12	0	0.089609	0.080055	-0.65065	16.755	-41.42	34.245	32.327
1272	72	3	47	-13.12	0	0.089609	0.28229	-0.44842	33.589	-24.587	13.411	11.493
1272	73	3	48	-12.12	1	0.089609	0.41523	-0.31547	40.181	-17.994	7.8187	5.9003
1272	74	3	48	-12.12	1	0.089609	0.50051	-0.2302	44.025	-14.15	3.9753	2.0569
1272	75	3	44	-16.12	1	0.089609	0.54417	-0.18654	45.979	-12.196	-1.9789	-3.8973
1272	76	3	46	-14.12	1	0.089609	0.52248	-0.20823	45.006	-13.169	0.99389	-0.92452
1272	77	2	32	-28.12	0	0.089609	0.2686	-0.4621	37.839	-20.336	-5.8391	-7.7575
1272	78	3	47	-13.12	1	0.089609	0.56799	-0.16272	45.495	-12.681	1.5053	-0.41309
1272	79	1	37	-23.12	0	0.089609	0.019609	-0.7111	8.3567	-49.819	28.643	26.725
1272	80	3	52	-8.12	1	0.089609	0.55656	-0.17415	46.235	-11.941	5.7654	3.8469
1272	81	3	51	-9.12	1	0.089609	0.61802	-0.11269	49.069	-9.1065	1.9313	0.012868
1272	82	3	49	-11.12	1	0.089609	0.63789	-0.092816	50.018	-8.1571	-1.0181	-2.9365
1272	83	3	52	-8.12	1	0.089609	0.62747	-0.10324	49.518	-8.6576	2.4824	0.56397
1272	84	3	55	-5.12	1	0.089609	0.65265	-0.078054	50.738	-7.4373	4.2621	2.3437
1272	85	3	53	-7.12	1	0.089609	0.69391	-0.036796	52.833	-5.3422	0.16699	-1.7514
1272	86	2	43	-17.12	0	0.089609	0.13927	-0.59144	34.969	-23.206	8.0313	6.1128
1272	87	3	53	-7.12	1	0.089609	0.65666	-0.074052	52.915	-5.2601	0.084902	-1.8335
1272	88	3	53	-7.12	1	0.089609	0.6575	-0.073209	52.957	-5.2184	0.043167	-1.8752
1272	89	3	54	-6.12	1	0.089609	0.65793	-0.072781	52.978	-5.1972	1.0219	-0.89646
1272	90	3	56	-4.12	1	0.089609	0.66798	-0.062723	53.48	-4.6948	2.5196	0.60118
1272	91	3	50	-10.12	1	0.089609	0.69212	-0.038583	54.719	-3.4563	-4.719	-6.6374
1272	92	3	54	-6.12	1	0.089609	0.64616	-0.084548	52.399	-5.776	1.6007	-0.31767
1272	93	3	58	-2.12	1	0.089609	0.66211	-0.068597	53.186	-4.9891	4.8139	2.8955
1272	94	3	63	2.88	1	0.089609	0.70781	-0.0229	55.552	-2.6227	7.4475	5.5291
1272	95	3	62	1.88	1	0.089609	0.7708	0.04009	59.213	1.0382	2.7865	0.86813
1272	96	3	59	-1.12	1	0.089609	0.79176	0.061052	60.583	2.408	-1.5832	-3.5016
1272	97	3	60	-0.12	1	0.089609	0.78003	0.049319	59.805	1.6297	0.19503	-1.7234
1272	98	3	65	4.88	1	0.089609	0.7815	0.05079	59.901	1.7256	5.0992	3.1808
1272	99	3	69	8.88	1	0.089609	0.81743	0.086722	62.407	4.2322	6.5926	4.6742
1272	100	3	69	8.88	1	0.089609	0.85686	0.12615	65.648	7.4729	3.3519	1.4334
1272	101	3	68	7.88	1	0.089609	0.87403	0.14332	67.296	9.1206	0.70419	-1.2142
1272	102	3	72	11.88	1	0.089609	0.87741	0.1467	67.642	9.4668	4.358	2.4396
1272	103	3	74	13.88	1	0.089609	0.89661	0.1659	69.784	11.609	4.2158	2.2973
1272	104	3	76	15.88	1	0.089609	0.9126	0.18189	71.857	13.681	4.1434	2.225
1272	105	3	79	18.88	1	0.089609	0.9261	0.19539	73.893	15.718	5.1066	3.1882
1272	106	3	82	21.88	1	0.089609	0.94009	0.20939	76.404	18.228	5.5964	3.678
1272	107	3	79	18.88	1	0.089609	0.95256	0.22185	79.155	20.979	-0.15464	-2.073
1272	108	3	79	18.88	1	0.089609	0.95225	0.22155	79.079	20.903	-0.078622	-1.997
1272	109	3	75	14.88	1	0.089609	0.9521	0.22139	79.04	20.865	-4.04	-5.9584
1272	110	3	75	14.88	1	0.089609	0.94329	0.21259	77.054	18.879	-2.054	-3.9725
1272	111	3	80	19.88	1	0.089609	0.93826	0.20755	76.044	17.869	3.9557	2.0373
1272	112	3	79	18.88	1	0.089609	0.94761	0.2169	77.989	19.814	1.0112	-0.90723
1272	113	3	77	16.88	1	0.089609	0.94978	0.21907	78.486	20.311	-1.4859	-3.4043
1272	114	3	76	15.88	1	0.089609	0.94656	0.21586	77.755	19.58	-1.7555	-3.6739
1272	115	3	77	16.88	1	0.089609	0.94252	0.21181	76.893	18.717	0.10747	-1.8109
1272	116	3	76	15.88	1	0.089609	0.94277	0.21206	76.945	18.77	-0.94536	-2.8638
1272	117	3	75	14.88	1	0.089609	0.94048	0.20977	76.481	18.305	-1.4806	-3.3991
1272	118	3	74	13.88	1	0.089609	0.93673	0.20602	75.753	17.578	-1.7528	-3.6712
1272	119	4	44	-16.12	0	0.089609	0.022433	-0.70827	33.302	-24.873	10.698	8.7796
1272	120	3	72	11.88	1	0.089609	0.91957	0.18887	74.891	16.716	-2.8912	-4.8096
1272	121	3	68	7.88	1	0.089609	0.90964	0.17893	73.47	15.295	-5.47	-7.3884
1272	122	3	68	7.88	1	0.089609	0.88778	0.15707	70.781	12.606	-2.7811	-4.6995
1272	123	3	65	4.88	1	0.089609	0.87498	0.14428	69.414	11.239	-4.414	-6.3324
1272	124	3	69	8.88	1	0.089609	0.85212	0.12141	67.244	9.069	1.7558	-0.16262
1272	125	2	16	-44.12	0	0.089609	0.062994	-0.66771	38.917	-19.259	-22.917	-24.835
1272	126	3	64	3.88	1	0.089609	0.89754	0.16683	68.107	9.9321	-4.1073	-6.0257
1272	127	3	60	-0.12	1	0.089609	0.87966	0.14896	66.088	7.9131	-6.0883	-8.0067
1272	128	3	60	-0.12	1	0.089609	0.84826	0.11756	63.095	4.9202	-3.0955	-5.0139
1272	129	3	60	-0.12	1	0.089609	0.82987	0.099162	61.574	3.3986	-1.5738	-3.4922
1272	130	3	59	-1.12	1	0.089609	0.81986	0.089149	60.8	2.625	-1.8002	-3.7186
1272	131	1	18	-42.12	0	0.089609	0.028105	-0.7026	22.437	-35.738	-4.4369	-6.3553
1272	132	3	65	4.88	1	0.089609	0.8119	0.08119	59.915	1.74	5.0847	3.1663
1272	133	3	66	5.88	1	0.089609	0.84375	0.11304	62.415	4.2395	3.5852	1.6668
1272	134	3	65	4.88	1	0.089609	0.86346	0.13275	64.177	6.0019	0.82284	-1.0956
1272	135	3	63	2.88	1	0.089609	0.86767	0.13697	64.582	6.4064	-1.5816	-3.5001
1272	136	3	65	4.88	1	0.089609	0.85947	0.12876	63.804	5.6289	1.1958	-0.72257
1272	137	3	64	3.88	1	0.089609	0.86571	0.135	64.392	6.2168	-0.392	-2.3104
1272	138	3	63	2.88	1	0.089609	0.86369	0.13298	64.199	6.0241	-1.1993	-3.1177
1272	139	3	65	4.88	1	0.089609	0.85735	0.12664	63.61	5.4345	1.3902	-0.52817
1272	140	3	60	-0.12	1	0.089609	0.86468	0.13397	64.293	6.1179	-4.2932	-6.2116
1272	141	3	58	-2.12	1	0.089609	0.84099	0.11028	62.183	4.0076	-4.1828	-6.1012
1272	142	4	50	-10.12	0	0.089609	0.11797	-0.61274	38.561	-19.614	11.439	9.5208
1272	143	3	56	-4.12	1	0.089609	0.75632	0.025613	60.127	1.9514	-4.1266	-6.0451
1272	144	3	54	-6.12	1	0.089609	0.72128	-0.009424	58.098	-0.077108	-4.0981	-6.0165
1272	145	3	55	-5.12	1	0.089609	0.68359	-0.047118	56.084	-2.0916	-1.0836	-3.002
1272	146	3	59	-1.12	1	0.089609	0.67318	-0.057531	55.551	-2.6243	3.4491	1.5307
1272	147	3	61	0.88	1	0.089609	0.70568	-0.025023	57.246	-0.92883	3.7536	1.8352
1272	148	3	59	-1.12	1	0.089609	0.73882	0.0081152	59.092	0.91633	-0.091553	-2.01
1272	149	2	16	-44.12	0	0.089609	0.044288	-0.68642	27.652	-30.524	-11.652	-13.57
