SubNo  trial   choice  reward  reward_cent exploit exp_par prob    prob_cent   action_value    action_value_cent   PE  PE_cent
1354	1	3	10	-48.493	0	0.051484	0.25	-0.11029	0	-45.076	10	-3.4192
1354	2	1	78	19.507	0	0.051484	0.24625	-0.11404	0	-45.076	78	64.581
1354	3	3	11	-47.493	0	0.051484	0.22829	-0.13201	1.1494	-43.927	9.8506	-3.5686
1354	4	2	62	3.5067	0	0.051484	0.21226	-0.14803	0	-45.076	62	48.581
1354	5	4	31	-27.493	0	0.051484	0.19401	-0.16628	0	-45.076	31	17.581
1354	6	2	59	0.50667	0	0.051484	0.26947	-0.090818	7.1263	-37.95	51.874	38.455
1354	7	3	11	-47.493	0	0.051484	0.19145	-0.16884	2.2816	-42.795	8.7184	-4.7008
1354	8	4	28	-30.493	0	0.051484	0.20246	-0.15784	3.5631	-41.513	24.437	11.018
1354	9	3	13	-45.493	0	0.051484	0.19347	-0.16682	3.2837	-41.792	9.7163	-3.7029
1354	10	1	85	26.507	0	0.051484	0.25627	-0.10402	8.9653	-36.111	76.035	62.615
1354	11	3	15	-43.493	0	0.051484	0.17685	-0.18344	4.4005	-40.676	10.599	-2.8197
1354	12	4	43	-15.493	0	0.051484	0.19352	-0.16677	6.3719	-38.704	36.628	23.209
1354	13	1	89	30.507	1	0.051484	0.33132	-0.02897	17.705	-27.371	71.295	57.876
1354	14	4	49	-9.4933	0	0.051484	0.1956	-0.1647	10.582	-34.494	38.418	24.999
1354	15	2	50	-8.4933	0	0.051484	0.21196	-0.14833	13.089	-31.988	36.911	23.492
1354	16	3	8	-50.493	0	0.051484	0.13719	-0.2231	5.6188	-39.457	2.3812	-11.038
1354	17	3	13	-45.493	0	0.051484	0.13886	-0.22143	5.8925	-39.184	7.1075	-6.3117
1354	18	4	40	-18.493	0	0.051484	0.22059	-0.1397	14.998	-30.078	25.002	11.583
1354	19	2	50	-8.4933	0	0.051484	0.2403	-0.11999	17.331	-27.745	32.669	19.25
1354	20	1	81	22.507	1	0.051484	0.35533	-0.0049612	25.899	-19.177	55.101	41.681
1354	21	4	38	-20.493	0	0.051484	0.20672	-0.15357	17.871	-27.205	20.129	6.7093
1354	22	3	11	-47.493	0	0.051484	0.11339	-0.2469	6.7094	-38.367	4.2906	-9.1286
1354	23	4	37	-21.493	0	0.051484	0.22627	-0.13402	20.185	-24.891	16.815	3.3958
1354	24	2	51	-7.4933	0	0.051484	0.23154	-0.12875	21.086	-23.99	29.914	16.495
1354	25	1	73	14.507	1	0.051484	0.39337	0.033079	32.233	-12.843	40.767	27.348
1354	26	3	9	-49.493	0	0.051484	0.097919	-0.26237	7.2026	-37.874	1.7974	-11.622
1354	27	2	59	0.50667	0	0.051484	0.23863	-0.12166	24.524	-20.552	34.476	21.056
1354	28	3	12	-46.493	0	0.051484	0.093797	-0.26649	7.4092	-37.667	4.5908	-8.8284
1354	29	4	41	-17.493	0	0.051484	0.1995	-0.16079	22.118	-22.958	18.882	5.4631
1354	30	3	14	-44.493	0	0.051484	0.093917	-0.26637	7.9369	-37.139	6.0631	-7.356
1354	31	2	53	-5.4933	0	0.051484	0.26962	-0.090673	28.487	-16.589	24.513	11.094
1354	32	1	76	17.507	1	0.051484	0.39936	0.039068	36.918	-8.1577	39.082	25.662
1354	33	4	44	-14.493	0	0.051484	0.18881	-0.17148	24.288	-20.788	19.712	6.2927
1354	34	3	13	-45.493	0	0.051484	0.082408	-0.27788	8.6338	-36.442	4.3662	-9.0529
1354	35	2	44	-14.493	0	0.051484	0.26421	-0.096085	31.305	-13.772	12.695	-0.72379
1354	36	4	47	-11.493	0	0.051484	0.2027	-0.15759	26.554	-18.522	20.446	7.027
1354	37	1	81	22.507	1	0.051484	0.42449	0.064197	41.411	-3.6657	39.589	26.17
1354	38	4	45	-13.493	0	0.051484	0.20049	-0.1598	28.904	-16.172	16.096	2.677
1354	39	2	47	-11.493	0	0.051484	0.23977	-0.12053	32.764	-12.312	14.236	0.817
1354	40	3	23	-35.493	0	0.051484	0.069569	-0.29072	9.1356	-35.941	13.864	0.4452
1354	41	2	50	-8.4933	0	0.051484	0.25395	-0.10635	34.4	-10.676	15.6	2.1807
1354	42	4	46	-12.493	0	0.051484	0.20544	-0.15485	30.754	-14.322	15.246	1.8269
1354	43	1	73	14.507	1	0.051484	0.44091	0.080622	45.961	0.88476	27.039	13.62
1354	44	4	48	-10.493	0	0.051484	0.20488	-0.15541	32.506	-12.57	15.494	2.0745
1354	45	2	48	-10.493	0	0.051484	0.24293	-0.11736	36.193	-8.883	11.807	-1.6124
1354	46	3	37	-21.493	0	0.051484	0.06435	-0.29594	10.729	-34.347	26.271	12.852
1354	47	1	67	8.5067	1	0.051484	0.45827	0.097979	49.069	3.9926	17.931	4.512
1354	48	4	41	-17.493	0	0.051484	0.20365	-0.15664	34.287	-10.789	6.7128	-6.7064
1354	49	3	32	-26.493	0	0.051484	0.07016	-0.29013	13.749	-31.327	18.251	4.8321
1354	50	2	46	-12.493	0	0.051484	0.23704	-0.12325	37.55	-7.5259	8.4498	-4.9694
1354	51	4	41	-17.493	0	0.051484	0.206	-0.15429	35.059	-10.017	5.9413	-7.4779
1354	52	1	66	7.5067	1	0.051484	0.46775	0.10746	51.13	6.0536	14.87	1.451
1354	53	4	35	-23.493	0	0.051484	0.20307	-0.15722	35.742	-9.3345	-0.74163	-14.161
1354	54	3	36	-22.493	0	0.051484	0.072978	-0.28731	15.847	-29.23	20.153	6.7343
1354	55	2	41	-17.493	0	0.051484	0.23238	-0.12791	38.521	-6.5547	2.4785	-10.941
1354	56	4	34	-24.493	0	0.051484	0.19982	-0.16047	35.656	-9.4198	-1.6564	-15.076
1354	57	2	41	-17.493	0	0.051484	0.23546	-0.12483	38.806	-6.2698	2.1937	-11.226
1354	58	3	46	-12.493	0	0.051484	0.081099	-0.27919	18.163	-26.913	27.837	14.418
1354	59	4	36	-22.493	0	0.051484	0.19482	-0.16547	35.466	-9.6102	0.534	-12.885
1354	60	2	33	-25.493	0	0.051484	0.23426	-0.12603	39.058	-6.0177	-6.0585	-19.478
1354	61	1	76	17.507	1	0.051484	0.48019	0.1199	52.839	7.7628	23.161	9.7418
1354	62	1	79	20.507	1	0.051484	0.51444	0.15415	55.501	10.425	23.499	10.08
1354	63	4	32	-26.493	0	0.051484	0.17085	-0.18944	35.527	-9.5488	-3.5274	-16.947
1354	64	1	80	21.507	1	0.051484	0.551	0.19071	58.202	13.126	21.798	8.3787
1354	65	1	81	22.507	1	0.051484	0.58266	0.22237	60.708	15.631	20.292	6.8733
1354	66	1	82	23.507	1	0.051484	0.61154	0.25125	63.04	17.964	18.96	5.5409
1354	67	1	80	21.507	1	0.051484	0.63783	0.27754	65.219	20.143	14.781	1.3616
1354	68	2	46	-12.493	0	0.051484	0.15121	-0.20908	38.362	-6.714	7.6379	-5.7813
1354	69	1	82	23.507	1	0.051484	0.65322	0.29293	66.918	21.842	15.082	1.6627
1354	70	4	26	-32.493	0	0.051484	0.11979	-0.2405	35.122	-9.9542	-9.1219	-22.541
1354	71	1	81	22.507	1	0.051484	0.67741	0.31712	68.652	23.575	12.348	-1.0708
1354	72	3	57	-1.4933	0	0.051484	0.056461	-0.30383	21.363	-23.714	35.637	22.218
1354	73	1	73	14.507	1	0.051484	0.6841	0.32381	70.071	24.995	2.9291	-10.49
1354	74	1	74	15.507	1	0.051484	0.68784	0.32755	70.408	25.331	3.5924	-9.8268
1354	75	1	72	13.507	1	0.051484	0.69238	0.33209	70.821	25.744	1.1795	-12.24
1354	76	1	70	11.507	1	0.051484	0.69387	0.33358	70.956	25.88	-0.95609	-14.375
1354	77	1	67	8.5067	1	0.051484	0.69266	0.33237	70.846	25.77	-3.8462	-17.265
1354	78	4	27	-31.493	0	0.051484	0.10596	-0.25433	34.073	-11.003	-7.0735	-20.493
1354	79	1	63	4.5067	1	0.051484	0.6908	0.33051	70.404	25.328	-7.4041	-20.823
1354	80	1	61	2.5067	1	0.051484	0.68136	0.32107	69.553	24.477	-8.5531	-21.972
1354	81	1	55	-3.4933	1	0.051484	0.67027	0.30998	68.57	23.494	-13.57	-26.989
1354	82	1	55	-3.4933	1	0.051484	0.65229	0.292	67.01	21.934	-12.01	-25.429
1354	83	1	52	-6.4933	1	0.051484	0.636	0.27571	65.63	20.554	-13.63	-27.049
1354	84	1	55	-3.4933	1	0.051484	0.61713	0.25684	64.063	18.987	-9.0632	-22.482
1354	85	1	57	-1.4933	1	0.051484	0.60438	0.24409	63.021	17.945	-6.0215	-19.441
1354	86	1	54	-4.4933	1	0.051484	0.59583	0.23554	62.329	17.253	-8.3294	-21.749
1354	87	2	38	-20.493	0	0.051484	0.18685	-0.17344	39.24	-5.8361	-1.24	-14.659
1354	88	1	50	-8.4933	1	0.051484	0.58471	0.22442	61.372	16.296	-11.372	-24.791
1354	89	1	44	-14.493	1	0.051484	0.56828	0.20799	60.065	14.989	-16.065	-29.484
1354	90	1	44	-14.493	1	0.051484	0.54482	0.18453	58.218	13.142	-14.218	-27.638
1354	91	1	45	-13.493	1	0.051484	0.52389	0.1636	56.584	11.508	-11.584	-25.003
1354	92	1	49	-9.4933	1	0.051484	0.50677	0.14648	55.253	10.176	-6.2526	-19.672
1354	93	1	41	-17.493	1	0.051484	0.49752	0.13723	54.534	9.4578	-13.534	-26.953
1354	94	1	43	-15.493	1	0.051484	0.47751	0.11722	52.978	7.9022	-9.9784	-23.398
1354	95	3	72	13.507	0	0.051484	0.11905	-0.24124	25.459	-19.617	46.541	33.122
1354	96	3	72	13.507	0	0.051484	0.15109	-0.2092	30.808	-14.268	41.192	27.773
1354	97	3	74	15.507	0	0.051484	0.18508	-0.17521	35.543	-9.5334	38.457	25.038
1354	98	3	72	13.507	0	0.051484	0.22188	-0.13841	39.963	-5.1131	32.037	18.618
1354	99	3	69	10.507	0	0.051484	0.25633	-0.10397	43.645	-1.4308	25.355	11.935
1354	100	3	71	12.507	0	0.051484	0.28595	-0.074337	46.56	1.4835	24.44	11.021
1354	101	3	72	13.507	0	0.051484	0.31637	-0.043917	49.369	4.2927	22.631	9.212
1354	102	3	66	7.5067	1	0.051484	0.34602	-0.014267	51.97	6.8939	14.03	0.61077
1354	103	3	66	7.5067	1	0.051484	0.36504	0.0047525	53.583	8.5065	12.417	-1.0018
1354	104	3	68	9.5067	1	0.051484	0.38224	0.021947	55.01	9.9337	12.99	-0.42908
1354	105	3	74	15.507	1	0.051484	0.40055	0.040256	56.503	11.427	17.497	4.0778
1354	106	3	78	19.507	1	0.051484	0.42564	0.065353	58.514	13.438	19.486	6.0667
1354	107	3	78	19.507	1	0.051484	0.45405	0.093755	60.754	15.678	17.246	3.827
1354	108	3	78	19.507	1	0.051484	0.47944	0.11915	62.736	17.66	15.264	1.8447
1354	109	3	72	13.507	1	0.051484	0.50201	0.14172	64.491	19.414	7.5095	-5.9097
1354	110	3	72	13.507	1	0.051484	0.51312	0.15283	65.354	20.277	6.6464	-6.7728
1354	111	3	69	10.507	1	0.051484	0.52294	0.16265	66.118	21.041	2.8824	-10.537
1354	112	3	72	13.507	1	0.051484	0.52719	0.1669	66.449	21.373	5.5511	-7.8681
1354	113	1	57	-1.4933	0	0.051484	0.24409	-0.1162	51.831	6.7553	5.1685	-8.2506
1354	114	3	73	14.507	1	0.051484	0.53134	0.17105	67.087	22.011	5.9131	-7.5061
1354	115	3	71	12.507	1	0.051484	0.54005	0.17975	67.767	22.69	3.2334	-10.186
1354	116	3	77	18.507	1	0.051484	0.54479	0.1845	68.138	23.062	8.8618	-4.5574
1354	117	3	72	13.507	1	0.051484	0.55777	0.19748	69.157	24.081	2.8432	-10.576
1354	118	3	73	14.507	1	0.051484	0.56191	0.20162	69.484	24.407	3.5164	-9.9028
1354	119	2	80	21.507	0	0.051484	0.11619	-0.2441	39.097	-5.9787	40.903	27.483
1354	120	2	84	25.507	0	0.051484	0.14344	-0.21685	43.799	-1.2773	40.201	26.782
1354	121	2	81	22.507	0	0.051484	0.17521	-0.18508	48.42	3.3434	32.58	19.161
1354	122	2	79	20.507	0	0.051484	0.20484	-0.15545	52.164	7.0882	26.836	13.416
1354	123	2	78	19.507	0	0.051484	0.23192	-0.12837	55.249	10.173	22.751	9.332
1354	124	2	78	19.507	0	0.051484	0.25676	-0.10353	57.864	12.788	20.136	6.717
1354	125	2	75	16.507	0	0.051484	0.28015	-0.080142	60.178	15.102	14.822	1.4025
1354	126	2	73	14.507	0	0.051484	0.29817	-0.062118	61.882	16.806	11.118	-2.3011
1354	127	3	80	21.507	1	0.051484	0.44132	0.081031	69.888	24.812	10.112	-3.307
1354	128	3	81	22.507	1	0.051484	0.45612	0.095833	71.05	25.974	9.9499	-3.4693
1354	129	3	82	23.507	1	0.051484	0.47076	0.11047	72.194	27.118	9.8063	-3.6129
1354	130	3	80	21.507	1	0.051484	0.48524	0.12495	73.321	28.245	6.6791	-6.74
1354	131	3	81	22.507	1	0.051484	0.49512	0.13483	74.089	29.012	6.9114	-6.5077
1354	132	3	83	24.507	1	0.051484	0.50534	0.14505	74.883	29.807	8.117	-5.3021
1354	133	3	76	17.507	1	0.051484	0.51734	0.15705	75.816	30.74	0.18407	-13.235
1354	134	4	22	-36.493	0	0.051484	0.057812	-0.30248	33.26	-11.816	-11.26	-24.68
1354	135	3	73	14.507	1	0.051484	0.51955	0.15926	75.837	30.761	-2.8371	-16.256
1354	136	3	75	16.507	1	0.051484	0.51536	0.15507	75.511	30.435	-0.51099	-13.93
1354	137	2	73	14.507	0	0.051484	0.27329	-0.087001	63.16	18.084	9.8402	-3.579
1354	138	3	77	18.507	1	0.051484	0.50631	0.14602	75.452	30.376	1.5477	-11.871
1354	139	3	84	25.507	1	0.051484	0.5086	0.14831	75.63	30.554	8.3698	-5.0493
1354	140	3	80	21.507	1	0.051484	0.52097	0.16068	76.592	31.516	3.4078	-10.011
1354	141	3	85	26.507	1	0.051484	0.526	0.16571	76.984	31.908	8.0161	-5.4031
1354	142	3	82	23.507	1	0.051484	0.53781	0.17752	77.905	32.829	4.0947	-9.3244
1354	143	3	84	25.507	1	0.051484	0.54383	0.18354	78.376	33.3	5.6241	-7.7951
1354	144	3	87	28.507	1	0.051484	0.55207	0.19178	79.022	33.946	7.9777	-5.4415
1354	145	3	87	28.507	1	0.051484	0.56371	0.20342	79.939	34.863	7.0607	-6.3585
1354	146	3	84	25.507	1	0.051484	0.57396	0.21367	80.751	35.675	3.2492	-10.17
1354	147	3	83	24.507	1	0.051484	0.57866	0.21837	81.124	36.048	1.8757	-11.543
1354	148	3	84	25.507	1	0.051484	0.58136	0.22107	81.34	36.264	2.6601	-10.759
1354	149	3	88	29.507	1	0.051484	0.58519	0.2249	81.646	36.569	6.3544	-7.0648
