SubNo  trial   choice  reward  reward_cent exploit exp_par prob    prob_cent   action_value    action_value_cent   PE  PE_cent
1327	1	1	32	-30.22	1	0.10273	0.25	-0.29166	0	-60.5	32	30.295
1327	2	2	57	-5.22	0	0.10273	0.073758	-0.4679	0	-60.5	57	55.295
1327	3	3	42	-20.22	0	0.10273	0.012639	-0.52902	0	-60.5	42	40.295
1327	4	4	49	-13.22	0	0.10273	0.0099826	-0.53168	0	-60.5	49	47.295
1327	5	2	55	-7.22	1	0.10273	0.48908	-0.052582	40.864	-19.635	14.136	12.431
1327	6	2	54	-8.22	1	0.10273	0.73055	0.18889	50.998	-9.5011	3.0015	1.2966
1327	7	2	56	-6.22	1	0.10273	0.7718	0.23014	53.15	-7.3493	2.8497	1.1447
1327	8	2	55	-7.22	1	0.10273	0.80665	0.26499	55.193	-5.3063	-0.19331	-1.8983
1327	9	2	52	-10.22	1	0.10273	0.80442	0.26276	55.055	-5.4449	-3.0547	-4.7597
1327	10	1	40	-22.22	0	0.10273	0.035438	-0.50622	22.941	-37.558	17.059	15.354
1327	11	3	53	-9.22	0	0.10273	0.067967	-0.4737	30.111	-30.389	22.889	21.184
1327	12	4	41	-21.22	0	0.10273	0.087628	-0.45403	35.129	-25.371	5.871	4.166
1327	13	2	53	-9.22	1	0.10273	0.51742	-0.024243	52.865	-7.6349	0.13526	-1.5697
1327	14	2	53	-9.22	1	0.10273	0.51991	-0.021756	52.962	-7.5379	0.038291	-1.6667
1327	15	2	55	-7.22	1	0.10273	0.52061	-0.021052	52.989	-7.5104	2.0108	0.30586
1327	16	2	49	-13.22	1	0.10273	0.55739	0.015731	54.431	-6.0688	-5.4308	-7.1357
1327	17	3	46	-16.22	0	0.10273	0.30297	-0.23869	46.52	-13.979	-0.52042	-2.2254
1327	18	1	51	-11.22	0	0.10273	0.095501	-0.44616	35.171	-25.329	15.829	14.124
1327	19	1	54	-8.22	0	0.10273	0.25305	-0.28861	46.519	-13.98	7.4809	5.7759
1327	20	1	53	-9.22	1	0.10273	0.37018	-0.17148	51.882	-8.6173	1.1177	-0.58728
1327	21	4	42	-20.22	0	0.10273	0.09889	-0.44277	39.338	-21.162	2.662	0.95699
1327	22	3	52	-10.22	0	0.10273	0.19488	-0.34679	46.147	-14.352	5.8527	4.1477
1327	23	2	42	-20.22	0	0.10273	0.27686	-0.2648	50.537	-9.9622	-8.5374	-10.242
1327	24	1	55	-7.22	1	0.10273	0.39638	-0.14528	52.684	-7.816	2.3164	0.61142
1327	25	1	61	-1.22	1	0.10273	0.43783	-0.10383	54.344	-6.1553	6.6557	4.9508
1327	26	1	59	-3.22	1	0.10273	0.55978	0.018113	59.116	-1.3837	-0.11588	-1.8209
1327	27	1	64	1.78	1	0.10273	0.55767	0.016008	59.033	-1.4668	4.9672	3.2622
1327	28	1	66	3.78	1	0.10273	0.6451	0.10344	62.594	2.0943	3.4061	1.7011
1327	29	1	66	3.78	1	0.10273	0.70024	0.15857	65.036	4.5362	0.96421	-0.74077
1327	30	1	63	0.78	1	0.10273	0.71493	0.17327	65.727	5.2275	-2.727	-4.432
1327	31	1	62	-0.22	1	0.10273	0.6723	0.13063	63.772	3.2724	-1.772	-3.477
1327	32	1	62	-0.22	1	0.10273	0.64292	0.10126	62.502	2.002	-0.50161	-2.2066
1327	33	1	67	4.78	1	0.10273	0.6344	0.092737	62.142	1.6424	4.858	3.153
1327	34	1	67	4.78	1	0.10273	0.71278	0.17112	65.625	5.1252	1.3752	-0.32977
1327	35	1	71	8.78	1	0.10273	0.73306	0.1914	66.611	6.1111	4.3893	2.6843
1327	36	1	67	4.78	1	0.10273	0.79142	0.24976	69.757	9.2579	-2.7575	-4.4625
1327	37	1	66	3.78	1	0.10273	0.75592	0.21425	67.781	7.281	-1.7806	-3.4856
1327	38	1	66	3.78	1	0.10273	0.73091	0.18925	66.504	6.0045	-0.50405	-2.209
1327	39	1	62	-0.22	1	0.10273	0.72355	0.18189	66.143	5.6431	-4.1427	-5.8477
1327	40	2	48	-14.22	0	0.10273	0.095892	-0.44577	44.417	-16.083	3.5832	1.8783
1327	41	3	50	-12.22	0	0.10273	0.17132	-0.37034	50.343	-10.156	-0.34321	-2.0482
1327	42	4	53	-9.22	0	0.10273	0.067576	-0.47409	41.246	-19.253	11.754	10.049
1327	43	1	62	-0.22	1	0.10273	0.5881	0.046434	63.173	2.6731	-1.1727	-2.8777
1327	44	1	64	1.78	1	0.10273	0.56703	0.025363	62.332	1.8324	1.668	-0.036955
1327	45	1	65	2.78	1	0.10273	0.5969	0.055241	63.528	3.0282	1.4722	-0.23279
1327	46	1	66	3.78	1	0.10273	0.6227	0.081034	64.583	4.0837	1.4167	-0.28823
1327	47	1	65	2.78	1	0.10273	0.64688	0.10522	65.599	5.0994	-0.59894	-2.3039
1327	48	1	62	-0.22	1	0.10273	0.63674	0.095078	65.17	4.67	-3.1696	-4.8745
1327	49	1	66	3.78	1	0.10273	0.58122	0.039561	62.897	2.3976	3.1028	1.3978
1327	50	1	66	3.78	1	0.10273	0.6356	0.093939	65.122	4.6221	0.87833	-0.82665
1327	51	1	69	6.78	1	0.10273	0.65045	0.10879	65.751	5.2518	3.2486	1.5437
1327	52	1	68	5.78	1	0.10273	0.70272	0.16106	68.08	7.5808	-0.080369	-1.7853
1327	53	1	66	3.78	1	0.10273	0.70148	0.15982	68.023	7.5232	-2.0228	-3.7277
1327	54	1	66	3.78	1	0.10273	0.66938	0.12772	66.573	6.073	-0.5726	-2.2776
1327	55	1	67	4.78	1	0.10273	0.65998	0.11832	66.162	5.6625	0.83791	-0.86707
1327	56	2	29	-33.22	0	0.10273	0.088321	-0.45334	46.986	-13.514	-17.986	-19.691
1327	57	3	35	-27.22	0	0.10273	0.13002	-0.41164	50.097	-10.402	-15.097	-16.802
1327	58	4	53	-9.22	0	0.10273	0.13637	-0.40529	49.673	-10.827	3.3272	1.6222
1327	59	1	64	1.78	1	0.10273	0.76047	0.2188	66.763	6.2632	-2.7628	-4.4678
1327	60	1	64	1.78	1	0.10273	0.72147	0.17981	64.782	4.2825	-0.7821	-2.4871
1327	61	1	64	1.78	1	0.10273	0.70975	0.16808	64.221	3.7218	-0.2214	-1.9264
1327	62	1	63	0.78	1	0.10273	0.70637	0.16471	64.063	3.5631	-1.0627	-2.7677
1327	63	1	61	-1.22	1	0.10273	0.68988	0.14822	63.301	2.8012	-2.3008	-4.0058
1327	64	1	61	-1.22	1	0.10273	0.65252	0.11085	61.651	1.1517	-0.65132	-2.3563
1327	65	1	61	-1.22	1	0.10273	0.64156	0.099898	61.184	0.68478	-0.18438	-1.8894
1327	66	1	60	-2.22	1	0.10273	0.63843	0.096769	61.052	0.5526	-1.0522	-2.7572
1327	67	1	63	0.78	1	0.10273	0.62036	0.078695	60.298	-0.20174	2.7021	0.99716
1327	68	1	63	0.78	1	0.10273	0.66599	0.12432	62.235	1.7355	0.76493	-0.94005
1327	69	1	65	2.78	1	0.10273	0.6784	0.13674	62.783	2.2839	2.2165	0.51156
1327	70	1	67	4.78	1	0.10273	0.71293	0.17127	64.373	3.8729	2.6275	0.92248
1327	71	1	68	5.78	1	0.10273	0.75086	0.2092	66.256	5.7566	1.7438	0.038806
1327	72	1	65	2.78	1	0.10273	0.7741	0.23244	67.506	7.0068	-2.5064	-4.2113
1327	73	1	66	3.78	1	0.10273	0.7402	0.19854	65.71	5.2099	0.29049	-1.4145
1327	74	1	63	0.78	1	0.10273	0.7443	0.20263	65.918	5.4182	-2.9178	-4.6227
1327	75	1	68	5.78	1	0.10273	0.70131	0.15964	63.826	3.3264	4.174	2.4691
1327	76	1	64	1.78	1	0.10273	0.76151	0.21984	66.818	6.3188	-2.8184	-4.5234
1327	77	1	66	3.78	1	0.10273	0.72179	0.18013	64.798	4.2982	1.2022	-0.50282
1327	78	1	66	3.78	1	0.10273	0.73922	0.19756	65.66	5.1601	0.34031	-1.3647
1327	79	1	63	0.78	1	0.10273	0.74402	0.20236	65.904	5.4041	-2.9037	-4.6086
1327	80	2	25	-37.22	0	0.10273	0.033065	-0.5086	34.091	-26.408	-9.0914	-10.796
1327	81	3	42	-20.22	0	0.10273	0.057234	-0.48443	39.274	-21.226	2.7263	1.0213
1327	82	4	66	3.78	0	0.10273	0.21017	-0.3315	52.058	-8.4415	13.942	12.237
1327	83	4	66	3.78	0	0.10273	0.42627	-0.11539	62.053	1.5537	3.9467	2.2417
1327	84	4	60	-2.22	1	0.10273	0.4984	-0.043262	64.883	4.3832	-4.8828	-6.5877
1327	85	4	59	-3.22	0	0.10273	0.4095	-0.13216	61.382	0.88263	-2.3822	-4.0872
1327	86	1	80	17.78	1	0.10273	0.56327	0.021607	63.822	3.3224	16.178	14.473
1327	87	1	77	14.78	1	0.10273	0.80938	0.26772	75.42	14.921	1.5797	-0.12528
1327	88	1	74	11.78	1	0.10273	0.82669	0.28503	76.553	16.053	-2.5528	-4.2578
1327	89	1	72	9.78	1	0.10273	0.79808	0.25641	74.723	14.223	-2.7227	-4.4276
1327	90	1	75	12.78	1	0.10273	0.76383	0.22217	72.771	12.271	2.2293	0.52429
1327	91	1	73	10.78	1	0.10273	0.79216	0.25049	74.369	13.869	-1.3689	-3.0739
1327	92	1	74	11.78	1	0.10273	0.77507	0.23341	73.388	12.888	0.61248	-1.0925
1327	93	1	76	13.78	1	0.10273	0.78283	0.24117	73.827	13.327	2.1734	0.4684
1327	94	1	74	11.78	1	0.10273	0.80882	0.26715	75.385	14.885	-1.3848	-3.0897
1327	95	1	76	13.78	1	0.10273	0.79255	0.25088	74.392	13.892	1.608	-0.096979
1327	96	1	73	10.78	1	0.10273	0.81135	0.26968	75.545	15.045	-2.5448	-4.2498
1327	97	1	77	14.78	1	0.10273	0.78097	0.23931	73.72	13.221	3.2796	1.5746
1327	98	1	80	17.78	1	0.10273	0.81949	0.27783	76.072	15.572	3.9284	2.2234
1327	99	1	76	13.78	1	0.10273	0.85842	0.31676	78.888	18.388	-2.8879	-4.5929
1327	100	1	77	14.78	1	0.10273	0.83055	0.28889	76.818	16.318	0.18248	-1.5225
1327	101	1	73	10.78	1	0.10273	0.83243	0.29077	76.948	16.449	-3.9483	-5.6533
1327	102	1	75	12.78	1	0.10273	0.78788	0.24621	74.118	13.618	0.8823	-0.82268
1327	103	1	76	13.78	1	0.10273	0.79853	0.25687	74.75	14.251	1.2498	-0.45522
1327	104	1	76	13.78	1	0.10273	0.81294	0.27127	75.646	15.147	0.35378	-1.3512
1327	105	4	82	19.78	0	0.10273	0.15425	-0.38741	59.674	-0.82523	22.326	20.621
1327	106	4	78	15.78	0	0.10273	0.48567	-0.055992	75.68	15.18	2.32	0.615
1327	107	4	74	11.78	1	0.10273	0.52835	-0.013309	77.343	16.844	-3.3433	-5.0482
1327	108	2	34	-28.22	0	0.10273	0.0035939	-0.53807	27.574	-32.926	6.4264	4.7214
1327	109	3	42	-20.22	0	0.10273	0.014583	-0.52708	41.228	-19.271	0.77176	-0.93322
1327	110	1	67	4.78	1	0.10273	0.51336	-0.0283	75.9	15.4	-8.8999	-10.605
1327	111	4	71	8.78	1	0.10273	0.61801	0.076344	74.946	14.447	-3.9464	-5.6514
1327	112	4	78	15.78	1	0.10273	0.54746	0.0058023	72.117	11.618	5.8828	4.1779
1327	113	4	81	18.78	1	0.10273	0.65106	0.1094	76.335	15.835	4.6653	2.9603
1327	114	4	80	17.78	1	0.10273	0.72459	0.18292	79.679	19.18	0.32067	-1.3843
1327	115	4	75	12.78	1	0.10273	0.72927	0.18761	79.909	19.41	-4.9092	-6.6142
1327	116	4	75	12.78	1	0.10273	0.65235	0.11068	76.39	15.89	-1.3897	-3.0947
1327	117	4	77	14.78	1	0.10273	0.62879	0.087124	75.393	14.894	1.6066	-0.098382
1327	118	4	81	18.78	1	0.10273	0.65596	0.1143	76.545	16.046	4.4548	2.7498
1327	119	4	85	22.78	1	0.10273	0.72581	0.18414	79.739	19.239	5.2611	3.5561
1327	120	4	83	20.78	1	0.10273	0.79591	0.25425	83.511	23.011	-0.51069	-2.2157
1327	121	4	83	20.78	1	0.10273	0.78973	0.24807	83.145	22.645	-0.14457	-1.8495
1327	122	4	81	18.78	1	0.10273	0.78796	0.2463	83.041	22.541	-2.0409	-3.7459
1327	123	4	78	15.78	1	0.10273	0.76176	0.2201	81.578	21.078	-3.5777	-5.2827
1327	124	4	79	16.78	1	0.10273	0.71071	0.16905	79.013	18.513	-0.012795	-1.7178
1327	125	4	75	12.78	1	0.10273	0.71052	0.16886	79.004	18.504	-4.0036	-5.7086
1327	126	4	67	4.78	1	0.10273	0.64635	0.10469	76.133	15.634	-9.1334	-10.838
1327	127	1	59	-3.22	0	0.10273	0.47933	-0.062336	69.519	9.0198	-10.519	-12.224
1327	128	2	53	-9.22	0	0.10273	0.013949	-0.52771	32.181	-28.319	20.819	19.114
1327	129	3	25	-37.22	0	0.10273	0.035599	-0.50606	41.782	-18.718	-16.782	-18.487
1327	130	4	65	2.78	1	0.10273	0.63544	0.093778	69.585	9.0859	-4.5855	-6.2905
1327	131	4	65	2.78	1	0.10273	0.55426	0.012598	66.298	5.7985	-1.2981	-3.003
1327	132	4	68	5.78	1	0.10273	0.53054	-0.011127	65.367	4.8679	2.6325	0.92756
1327	133	4	64	1.78	1	0.10273	0.57839	0.036732	67.255	6.7552	-3.2548	-4.9598
1327	134	4	64	1.78	1	0.10273	0.51911	-0.022556	64.921	4.4218	-0.92137	-2.6263
1327	135	4	63	0.78	1	0.10273	0.50215	-0.039512	64.261	3.7612	-1.2608	-2.9658
1327	136	1	56	-6.22	0	0.10273	0.41568	-0.12598	61.978	1.4783	-5.9778	-7.6828
1327	137	1	58	-4.22	0	0.10273	0.31414	-0.22752	57.692	-2.8074	0.30778	-1.3972
1327	138	4	60	-2.22	1	0.10273	0.55815	0.01649	63.357	2.8573	-3.3569	-5.0619
1327	139	4	54	-8.22	1	0.10273	0.49661	-0.045057	60.95	0.45069	-6.9503	-8.6553
1327	140	3	25	-37.22	0	0.10273	0.025137	-0.51652	29.751	-30.749	-4.7505	-6.4555
1327	141	2	48	-14.22	0	0.10273	0.15063	-0.39103	47.106	-13.393	0.89353	-0.81145
1327	142	1	59	-3.22	1	0.10273	0.45253	-0.089133	57.913	-2.5867	1.0871	-0.61785
1327	143	4	54	-8.22	0	0.10273	0.35708	-0.18458	55.967	-4.5321	-1.9675	-3.6725
1327	144	1	56	-6.22	1	0.10273	0.49634	-0.045322	58.692	-1.8073	-2.6923	-4.3972
1327	145	1	56	-6.22	1	0.10273	0.44697	-0.094694	56.762	-3.7375	-0.76213	-2.4671
1327	146	1	55	-7.22	1	0.10273	0.43314	-0.10852	56.216	-4.2838	-1.2157	-2.9207
1327	147	4	57	-5.22	0	0.10273	0.37934	-0.16232	54.557	-5.9426	2.443	0.73806
1327	148	4	57	-5.22	1	0.10273	0.42253	-0.11913	56.308	-4.1912	0.69158	-1.0134
1327	149	4	56	-6.22	1	0.10273	0.43501	-0.10666	56.804	-3.6954	-0.80423	-2.5092
