SubNo  trial   choice  reward  reward_cent exploit exp_par prob    prob_cent   action_value    action_value_cent   PE  PE_cent
1384	1	1	70	11.12	1	0.073828	0.25	-0.21613	0	-56.542	70	67.65
1384	2	2	31	-27.88	0	0.073828	0.052033	-0.4141	0	-56.542	31	28.65
1384	3	4	26	-32.88	0	0.073828	0.046183	-0.41995	0	-56.542	26	23.65
1384	4	1	69	10.12	1	0.073828	0.6911	0.22496	37.738	-18.803	31.262	28.912
1384	5	3	54	-4.8803	0	0.073828	0.01574	-0.45039	0	-56.542	54	51.65
1384	6	4	30	-28.88	0	0.073828	0.03958	-0.42655	14.017	-42.524	15.983	13.633
1384	7	2	40	-18.88	0	0.073828	0.046654	-0.41948	16.713	-39.829	23.287	20.938
1384	8	1	61	2.1197	1	0.073828	0.71374	0.24761	54.592	-1.9495	6.4079	4.0582
1384	9	1	59	0.11972	1	0.073828	0.76291	0.29677	58.047	1.5052	0.95329	-1.3965
1384	10	1	58	-0.88028	1	0.073828	0.7697	0.30357	58.561	2.0191	-0.56064	-2.9104
1384	11	3	59	0.11972	0	0.073828	0.089035	-0.3771	29.112	-27.429	29.888	27.538
1384	12	1	61	2.1197	1	0.073828	0.63624	0.17011	58.258	1.7169	2.7416	0.39183
1384	13	2	30	-28.88	0	0.073828	0.069716	-0.39642	29.267	-27.274	0.73269	-1.6171
1384	14	4	35	-23.88	0	0.073828	0.042633	-0.4235	22.634	-33.908	12.366	10.016
1384	15	1	54	-4.8803	1	0.073828	0.64233	0.17619	59.736	3.1949	-5.7364	-8.0862
1384	16	3	56	-2.8803	0	0.073828	0.25324	-0.2129	45.225	-11.316	10.775	8.4249
1384	17	1	57	-1.8803	1	0.073828	0.51809	0.05196	56.644	0.10229	0.35618	-1.9936
1384	18	3	58	-0.88028	0	0.073828	0.33989	-0.12624	51.034	-5.5074	6.9658	4.616
1384	19	1	56	-2.8803	1	0.073828	0.47053	0.0043997	56.836	0.29432	-0.83584	-3.1856
1384	20	3	61	2.1197	0	0.073828	0.41088	-0.05525	54.79	-1.7519	6.2104	3.8606
1384	21	3	63	4.1197	1	0.073828	0.47175	0.0056155	58.138	1.5962	4.8623	2.5125
1384	22	3	67	8.1197	1	0.073828	0.52009	0.053957	60.759	4.2175	6.2409	3.8911
1384	23	3	62	3.1197	1	0.073828	0.58147	0.11534	64.124	7.5821	-2.1237	-4.4735
1384	24	1	62	3.1197	0	0.073828	0.34465	-0.12149	56.385	-0.1563	5.6148	3.265
1384	25	2	34	-24.88	0	0.073828	0.044116	-0.42202	29.662	-26.879	4.3377	1.9879
1384	26	3	56	-2.8803	1	0.073828	0.51196	0.045825	62.979	6.4372	-6.9788	-9.3285
1384	27	1	63	4.1197	1	0.073828	0.44922	-0.016913	59.412	2.8707	3.5877	1.238
1384	28	1	64	5.1197	1	0.073828	0.48475	0.018616	61.346	4.8049	2.6535	0.30375
1384	29	1	58	-0.88028	1	0.073828	0.51115	0.045013	62.777	6.2355	-4.777	-7.1268
1384	30	3	51	-7.8803	0	0.073828	0.43115	-0.034986	59.216	2.6749	-8.2164	-10.566
1384	31	1	54	-4.8803	1	0.073828	0.52707	0.060932	60.202	3.6601	-6.2016	-8.5514
1384	32	1	58	-0.88028	1	0.073828	0.46544	-0.00069646	56.858	0.3167	1.1418	-1.208
1384	33	4	36	-22.88	0	0.073828	0.059564	-0.40657	29.301	-27.241	6.6994	4.3496
1384	34	3	54	-4.8803	0	0.073828	0.38398	-0.08215	54.787	-1.7548	-0.78678	-3.1366
1384	35	1	51	-7.8803	1	0.073828	0.47385	0.0077132	57.474	0.93225	-6.4738	-8.8236
1384	36	3	56	-2.8803	1	0.073828	0.42203	-0.044106	54.363	-2.1789	1.6374	-0.71239
1384	37	3	59	0.11972	1	0.073828	0.438	-0.028133	55.245	-1.2962	3.7546	1.4049
1384	38	3	58	-0.88028	1	0.073828	0.47506	0.0089273	57.27	0.72803	0.73044	-1.6193
1384	39	3	56	-2.8803	1	0.073828	0.48232	0.016182	57.663	1.1218	-1.6634	-4.0131
1384	40	1	52	-6.8803	0	0.073828	0.3793	-0.086837	53.984	-2.5579	-1.9836	-4.3334
1384	41	3	56	-2.8803	1	0.073828	0.47962	0.013488	56.767	0.22508	-0.76661	-3.1164
1384	42	3	54	-4.8803	1	0.073828	0.47201	0.0058776	56.353	-0.18821	-2.3533	-4.7031
1384	43	3	57	-1.8803	1	0.073828	0.44875	-0.017388	55.085	-1.4569	1.9154	-0.43438
1384	44	3	62	3.1197	1	0.073828	0.46767	0.001536	56.117	-0.4243	5.8828	3.533
1384	45	3	65	6.1197	1	0.073828	0.52614	0.060004	59.289	2.7472	5.7113	3.3615
1384	46	3	60	1.1197	1	0.073828	0.58224	0.1161	62.368	5.8263	-2.3678	-4.7176
1384	47	3	58	-0.88028	1	0.073828	0.55915	0.093019	61.091	4.5497	-3.0913	-5.441
1384	48	NaN	NaN	0	0	0.073828	0	0	0	0	0	0
1384	49	3	63	4.1197	1	0.073828	0.52864	0.062506	59.425	2.8832	3.5753	1.2255
1384	50	1	57	-1.8803	0	0.073828	0.30245	-0.16369	52.914	-3.6273	4.0858	1.736
1384	51	3	63	4.1197	1	0.073828	0.53531	0.069171	61.352	4.8107	1.6478	-0.70199
1384	52	3	66	7.1197	1	0.073828	0.55158	0.085442	62.241	5.699	3.7594	1.4097
1384	53	NaN	NaN	0	0	0.073828	0	0	0	0	0	0
1384	54	4	43	-15.88	0	0.073828	0.058105	-0.40803	32.912	-23.629	10.088	7.7378
1384	55	3	60	1.1197	1	0.073828	0.57182	0.10569	64.267	7.7258	-4.2673	-6.6171
1384	56	1	50	-8.8803	0	0.073828	0.31952	-0.14661	55.117	-1.4246	-5.1169	-7.4667
1384	57	2	37	-21.88	0	0.073828	0.061614	-0.40452	32.001	-24.541	4.9992	2.6494
1384	58	3	61	2.1197	1	0.073828	0.55543	0.089299	61.967	5.4252	-0.96674	-3.3165
1384	59	3	57	-1.8803	1	0.073828	0.54591	0.079779	61.446	4.904	-4.4456	-6.7953
1384	60	3	57	-1.8803	1	0.073828	0.50181	0.035673	59.049	2.5073	-2.0489	-4.3986
1384	61	3	56	-2.8803	1	0.073828	0.48143	0.015294	57.944	1.4028	-1.9443	-4.2941
1384	62	3	61	2.1197	1	0.073828	0.46215	-0.0039885	56.896	0.35456	4.1039	1.7541
1384	63	3	61	2.1197	1	0.073828	0.50291	0.036775	59.109	2.5671	1.8914	-0.45836
1384	64	3	56	-2.8803	1	0.073828	0.52172	0.055582	60.128	3.5868	-4.1283	-6.4781
1384	65	1	59	0.11972	0	0.073828	0.3192	-0.14693	52.358	-4.1832	6.6417	4.2919
1384	66	3	59	0.11972	1	0.073828	0.43832	-0.02781	57.903	1.3611	1.0974	-1.2524
1384	67	NaN	NaN	0	0	0.073828	0	0	0	0	0	0
1384	68	3	64	5.1197	1	0.073828	0.4491	-0.01703	58.494	1.9527	5.5057	3.156
1384	69	3	60	1.1197	1	0.073828	0.50371	0.037579	61.463	4.921	-1.4625	-3.8123
1384	70	3	55	-3.8803	1	0.073828	0.48916	0.023028	60.674	4.1325	-5.674	-8.0238
1384	71	1	59	0.11972	0	0.073828	0.38269	-0.08344	55.939	-0.60256	3.061	0.71126
1384	72	1	61	2.1197	0	0.073828	0.41186	-0.054277	57.589	1.0477	3.4108	1.061
1384	73	3	51	-7.8803	0	0.073828	0.38933	-0.076806	57.615	1.0735	-6.6151	-8.9648
1384	74	1	62	3.1197	1	0.073828	0.48917	0.023039	59.428	2.8865	2.572	0.22218
1384	75	4	50	-8.8803	0	0.073828	0.098026	-0.36811	38.351	-18.191	11.649	9.2994
1384	76	1	55	-3.8803	1	0.073828	0.48662	0.020487	60.815	4.2731	-5.8146	-8.1644
1384	77	3	53	-5.8803	0	0.073828	0.3283	-0.13783	54.049	-2.4928	-1.0488	-3.3985
1384	78	4	59	0.11972	0	0.073828	0.16603	-0.30011	44.631	-11.91	14.369	12.019
1384	79	4	63	4.1197	0	0.073828	0.26074	-0.20539	52.378	-4.1639	10.622	8.2726
1384	80	4	64	5.1197	1	0.073828	0.34993	-0.1162	58.104	1.5628	5.8956	3.5459
1384	81	4	65	6.1197	1	0.073828	0.405	-0.061135	61.283	4.7413	3.7172	1.3674
1384	82	4	62	3.1197	1	0.073828	0.44109	-0.02504	63.287	6.7453	-1.2868	-3.6366
1384	83	4	63	4.1197	1	0.073828	0.42851	-0.037626	62.593	6.0515	0.40693	-1.9428
1384	84	4	59	0.11972	1	0.073828	0.43248	-0.033655	62.812	6.2709	-3.8125	-6.1622
1384	85	4	60	1.1197	1	0.073828	0.39568	-0.070452	60.757	4.2156	-0.75709	-3.1069
1384	86	3	41	-17.88	0	0.073828	0.23402	-0.23211	53.483	-3.0582	-12.483	-14.833
1384	87	2	52	-6.8803	0	0.073828	0.06436	-0.40177	34.696	-21.846	17.304	14.954
1384	88	4	68	9.1197	1	0.073828	0.40204	-0.064091	60.349	3.8074	7.6511	5.3013
1384	89	4	67	8.1197	1	0.073828	0.47691	0.010775	64.474	7.9322	2.5262	0.17646
1384	90	4	77	18.12	1	0.073828	0.50203	0.035896	65.836	9.2942	11.164	8.8145
1384	91	NaN	NaN	0	0	0.073828	0	0	0	0	0	0
1384	92	1	25	-33.88	0	0.073828	0.21464	-0.25149	57.68	1.1383	-32.68	-35.03
1384	93	4	68	9.1197	1	0.073828	0.72437	0.25823	71.855	15.313	-3.8546	-6.2044
1384	94	4	72	13.12	1	0.073828	0.69271	0.22657	69.777	13.235	2.2235	-0.12628
1384	95	NaN	NaN	0	0	0.073828	0	0	0	0	0	0
1384	96	4	73	14.12	1	0.073828	0.71122	0.24508	70.975	14.434	2.0248	-0.32501
1384	97	4	74	15.12	1	0.073828	0.72748	0.26135	72.067	15.525	1.9332	-0.4166
1384	98	4	77	18.12	1	0.073828	0.74247	0.27634	73.109	16.568	3.891	1.5412
1384	99	4	75	16.12	1	0.073828	0.77095	0.30482	75.207	18.665	-0.20673	-2.5565
1384	100	NaN	NaN	0	0	0.073828	0	0	0	0	0	0
1384	101	4	78	19.12	1	0.073828	0.7695	0.30337	75.095	18.554	2.9047	0.55495
1384	102	4	82	23.12	1	0.073828	0.78936	0.32323	76.661	20.12	5.3387	2.989
1384	103	4	83	24.12	1	0.073828	0.82253	0.3564	79.539	22.998	3.4605	1.1107
1384	104	4	81	22.12	1	0.073828	0.84175	0.37562	81.405	24.864	-0.40511	-2.7549
1384	105	4	80	21.12	1	0.073828	0.83959	0.37346	81.187	24.645	-1.1867	-3.5365
1384	106	4	78	19.12	1	0.073828	0.83313	0.367	80.547	24.005	-2.5469	-4.8967
1384	107	4	77	18.12	1	0.073828	0.81856	0.35242	79.174	22.632	-2.1738	-4.5236
1384	108	4	74	15.12	1	0.073828	0.80535	0.33922	78.002	21.46	-4.0019	-6.3517
1384	109	4	72	13.12	1	0.073828	0.77916	0.31303	75.844	19.303	-3.8444	-6.1942
1384	110	4	77	18.12	1	0.073828	0.75171	0.28558	73.772	17.23	3.2282	0.87841
1384	111	3	45	-13.88	0	0.073828	0.092716	-0.37342	46.753	-9.7882	-1.7533	-4.1031
1384	112	2	38	-20.88	0	0.073828	0.076277	-0.38986	44.025	-12.517	-6.0249	-8.3747
1384	113	4	72	13.12	1	0.073828	0.79268	0.32654	75.512	18.971	-3.5122	-5.862
1384	114	1	38	-20.88	0	0.073828	0.064542	-0.40159	40.062	-16.48	-2.0615	-4.4113
1384	115	4	70	11.12	1	0.073828	0.77269	0.30656	73.619	17.077	-3.6187	-5.9685
1384	116	4	67	8.1197	1	0.073828	0.74641	0.28028	71.668	15.126	-4.6678	-7.0176
1384	117	4	76	17.12	1	0.073828	0.70967	0.24353	69.151	12.61	6.8487	4.4989
1384	118	4	76	17.12	1	0.073828	0.76249	0.29635	72.844	16.302	3.1564	0.80666
1384	119	4	79	20.12	1	0.073828	0.78448	0.31835	74.545	18.004	4.4547	2.105
1384	120	4	77	18.12	1	0.073828	0.81295	0.34682	76.947	20.405	0.053108	-2.2967
1384	121	4	76	17.12	1	0.073828	0.81327	0.34714	76.976	20.434	-0.97552	-3.3253
1384	122	4	79	20.12	1	0.073828	0.8073	0.34117	76.45	19.908	2.5504	0.20062
1384	123	4	78	19.12	1	0.073828	0.82261	0.35647	77.825	21.283	0.17543	-2.1743
1384	124	4	78	19.12	1	0.073828	0.82362	0.35749	77.919	21.378	0.080853	-2.2689
1384	125	4	77	18.12	1	0.073828	0.82409	0.35795	77.963	21.421	-0.96274	-3.3125
1384	126	4	75	16.12	1	0.073828	0.81846	0.35233	77.444	20.902	-2.4437	-4.7935
1384	127	4	73	14.12	1	0.073828	0.80356	0.33743	76.126	19.585	-3.1263	-5.476
1384	128	4	73	14.12	1	0.073828	0.78318	0.31704	74.441	17.899	-1.4408	-3.7906
1384	129	4	72	13.12	1	0.073828	0.77328	0.30715	73.664	17.123	-1.6641	-4.0138
1384	130	2	49	-9.8803	0	0.073828	0.07177	-0.39436	40.777	-15.765	8.2232	5.8735
1384	131	NaN	NaN	0	0	0.073828	0	0	0	0	0	0
1384	132	4	66	7.1197	1	0.073828	0.74087	0.27474	72.767	16.225	-6.7669	-9.1167
1384	133	3	37	-21.88	0	0.073828	0.12271	-0.34343	45.808	-10.733	-8.8081	-11.158
1384	134	1	46	-12.88	0	0.073828	0.076742	-0.38939	38.95	-17.591	7.0499	4.7001
1384	135	4	55	-3.8803	1	0.073828	0.69449	0.22836	69.119	12.577	-14.119	-16.469
1384	136	2	44	-14.88	0	0.073828	0.16947	-0.29666	45.21	-11.331	-1.2101	-3.5598
1384	137	4	53	-5.8803	1	0.073828	0.56899	0.10285	61.507	4.9655	-8.5071	-10.857
1384	138	3	35	-23.88	0	0.073828	0.15031	-0.31582	41.059	-15.482	-6.0595	-8.4093
1384	139	4	51	-7.8803	1	0.073828	0.50092	0.034787	56.921	0.37922	-5.9207	-8.2705
1384	140	1	50	-8.8803	0	0.073828	0.19665	-0.26948	42.751	-13.791	7.2492	4.8994
1384	141	2	45	-13.88	0	0.073828	0.21085	-0.25529	44.558	-11.984	0.4423	-1.9075
1384	142	4	50	-8.8803	1	0.073828	0.41342	-0.052711	53.729	-2.8128	-3.7288	-6.0785
1384	143	4	52	-6.8803	1	0.073828	0.37795	-0.088181	51.719	-4.823	0.28148	-2.0683
1384	144	1	40	-18.88	0	0.073828	0.25904	-0.20709	46.659	-9.8825	-6.659	-9.0088
1384	145	NaN	NaN	0	0	0.073828	0	0	0	0	0	0
1384	146	4	56	-2.8803	1	0.073828	0.40502	-0.061116	51.87	-4.6713	4.1297	1.78
1384	147	3	33	-25.88	0	0.073828	0.13359	-0.33255	37.793	-18.749	-4.7927	-7.1425
1384	148	2	43	-15.88	0	0.073828	0.22936	-0.23678	44.796	-11.745	-1.7962	-4.1459
1384	149	1	47	-11.88	0	0.073828	0.20514	-0.26099	43.069	-13.473	3.931	1.5812
