SubNo  trial   choice  reward  reward_cent exploit exp_par prob    prob_cent   action_value    action_value_cent   PE  PE_cent
1375	1	1	98	27.257	1	0.091484	0.25	-0.28787	0	-69.013	98	96.27
1375	2	2	63	-7.7432	0	0.091484	0.00032825	-0.53754	0	-69.013	63	61.27
1375	3	3	48	-22.743	0	0.091484	0.00031066	-0.53756	0	-69.013	48	46.27
1375	4	4	85	14.257	0	0.091484	0.00030593	-0.53756	0	-69.013	85	83.27
1375	5	1	95	24.257	1	0.091484	0.70482	0.16696	87.673	18.661	7.3267	5.5968
1375	6	4	87	16.257	0	0.091484	0.15404	-0.38383	76.043	7.0304	10.957	9.227
1375	7	1	87	16.257	1	0.091484	0.66448	0.12662	94.228	25.215	-7.228	-8.9578
1375	8	4	83	12.257	0	0.091484	0.43884	-0.099027	85.845	16.833	-2.8454	-4.5753
1375	9	1	88	17.257	1	0.091484	0.57538	0.037516	87.762	18.749	0.23836	-1.4915
1375	10	4	82	11.257	0	0.091484	0.37826	-0.15961	83.3	14.287	-1.2998	-3.0297
1375	11	1	90	19.257	1	0.091484	0.60317	0.065301	87.975	18.962	2.0251	0.29526
1375	12	4	79	8.2568	0	0.091484	0.31891	-0.21896	82.137	13.124	-3.137	-4.8668
1375	13	4	79	8.2568	0	0.091484	0.2659	-0.27197	79.331	10.318	-0.33056	-2.0604
1375	14	1	88	17.257	1	0.091484	0.69701	0.15914	89.787	20.774	-1.7866	-3.5165
1375	15	2	49	-21.743	0	0.091484	0.036181	-0.50169	56.361	-12.651	-7.3614	-9.0913
1375	16	1	82	11.257	1	0.091484	0.67634	0.13847	88.188	19.176	-6.1883	-7.9181
1375	17	4	76	5.2568	0	0.091484	0.40034	-0.13752	79.035	10.022	-3.0348	-4.7647
1375	18	1	77	6.2568	1	0.091484	0.6112	0.07333	82.652	13.639	-5.6521	-7.3819
1375	19	4	80	9.2568	0	0.091484	0.44264	-0.095226	76.32	7.307	3.6802	1.9503
1375	20	1	69	-1.7432	0	0.091484	0.43047	-0.1074	77.596	8.5828	-8.5956	-10.325
1375	21	4	82	11.257	1	0.091484	0.66153	0.12366	79.612	10.599	2.3878	0.65794
1375	22	4	82	11.257	1	0.091484	0.70382	0.16595	81.748	12.736	0.25161	-1.4782
1375	23	4	81	10.257	1	0.091484	0.70809	0.17023	81.973	12.961	-0.97349	-2.7033
1375	24	4	81	10.257	1	0.091484	0.69136	0.15349	81.103	12.09	-0.10258	-1.8324
1375	25	4	85	14.257	1	0.091484	0.68956	0.15169	81.011	11.998	3.9892	2.2593
1375	26	4	80	9.2568	1	0.091484	0.75483	0.21697	84.58	15.567	-4.5796	-6.3095
1375	27	1	70	-0.74324	0	0.091484	0.25806	-0.27981	69.906	0.893	0.094244	-1.6356
1375	28	4	80	9.2568	1	0.091484	0.67777	0.1399	80.483	11.47	-0.48258	-2.2124
1375	29	4	79	8.2568	1	0.091484	0.66908	0.13122	80.051	11.038	-1.0509	-2.7807
1375	30	4	75	4.2568	1	0.091484	0.64977	0.1119	79.111	10.098	-4.1107	-5.8406
1375	31	1	64	-6.7432	0	0.091484	0.34639	-0.19148	69.99	0.97731	-5.9901	-7.7199
1375	32	4	76	5.2568	1	0.091484	0.65831	0.12044	75.433	6.4204	0.56683	-1.163
1375	33	4	76	5.2568	1	0.091484	0.66866	0.1308	75.94	6.9275	0.05973	-1.6701
1375	34	4	76	5.2568	1	0.091484	0.66975	0.13188	75.994	6.9809	0.006294	-1.7236
1375	35	4	81	10.257	1	0.091484	0.66986	0.13199	75.999	6.9866	5.0007	3.2708
1375	36	4	80	9.2568	1	0.091484	0.7534	0.21553	80.473	11.46	-0.47306	-2.2029
1375	37	4	79	8.2568	1	0.091484	0.74614	0.20827	80.05	11.037	-1.0498	-2.7797
1375	38	NaN	NaN	0	0	0.091484	0	0	0	0	0	0
1375	39	4	80	9.2568	1	0.091484	0.72952	0.19165	79.111	10.098	0.88937	-0.84049
1375	40	4	77	6.2568	1	0.091484	0.74364	0.20577	79.906	10.894	-2.9063	-4.6361
1375	41	4	78	7.2568	1	0.091484	0.69574	0.15788	77.306	8.2935	0.69375	-1.0361
1375	42	4	77	6.2568	1	0.091484	0.70763	0.16976	77.927	8.9141	-0.9269	-2.6568
1375	43	1	65	-5.7432	0	0.091484	0.22111	-0.31676	64.631	-4.3816	0.3688	-1.3611
1375	44	4	78	7.2568	1	0.091484	0.68703	0.14917	77.098	8.0849	0.90233	-0.82753
1375	45	4	72	1.2568	1	0.091484	0.70269	0.16482	77.905	8.8922	-5.9049	-7.6348
1375	46	4	73	2.2568	1	0.091484	0.59311	0.055248	72.622	3.6095	0.37777	-1.3521
1375	47	4	72	1.2568	1	0.091484	0.60055	0.062688	72.96	3.9474	-0.96019	-2.6901
1375	48	4	68	-2.7432	1	0.091484	0.58156	0.043695	72.101	3.0884	-4.1012	-5.831
1375	49	2	28	-42.743	0	0.091484	0.090432	-0.44743	49.776	-19.237	-21.776	-23.506
1375	50	3	60	-10.743	0	0.091484	0.052332	-0.48553	42.942	-26.071	17.058	15.328
1375	51	3	65	-5.7432	0	0.091484	0.18238	-0.35548	58.203	-10.81	6.7975	5.0676
1375	52	3	67	-3.7432	0	0.091484	0.2801	-0.25777	64.284	-4.729	2.7163	0.98642
1375	53	3	68	-2.7432	0	0.091484	0.32703	-0.21084	66.714	-2.299	1.2862	-0.44363
1375	54	3	63	-7.7432	0	0.091484	0.35061	-0.18726	67.864	-1.1483	-4.8645	-6.5943
1375	55	1	73	2.2568	0	0.091484	0.30381	-0.23406	64.961	-4.0516	8.0389	6.309
1375	56	1	75	4.2568	1	0.091484	0.45728	-0.080589	72.153	3.1402	2.8471	1.1172
1375	57	1	72	1.2568	1	0.091484	0.51542	-0.022444	74.7	5.6872	-2.7	-4.4298
1375	58	1	75	4.2568	1	0.091484	0.46027	-0.077599	72.285	3.2718	2.7155	0.98563
1375	59	1	79	8.2568	1	0.091484	0.51574	-0.022127	74.714	5.7011	4.2861	2.5563
1375	60	1	79	8.2568	1	0.091484	0.60199	0.064127	78.548	9.5356	0.45165	-1.2782
1375	61	1	77	6.2568	1	0.091484	0.61082	0.072949	78.952	9.9397	-1.9524	-3.6823
1375	62	1	70	-0.74324	1	0.091484	0.57223	0.034362	77.206	8.193	-7.2057	-8.9356
1375	63	1	71	0.25676	1	0.091484	0.42585	-0.11202	70.759	1.7465	0.2407	-1.4892
1375	64	1	70	-0.74324	1	0.091484	0.43067	-0.10719	70.975	1.9619	-0.97464	-2.7045
1375	65	1	72	1.2568	1	0.091484	0.41123	-0.12663	70.103	1.0899	1.8973	0.16744
1375	66	1	72	1.2568	1	0.091484	0.44928	-0.088588	71.8	2.7873	0.19993	-1.5299
1375	67	NaN	NaN	0	0	0.091484	0	0	0	0	0	0
1375	68	1	78	7.2568	1	0.091484	0.45333	-0.084536	71.979	2.9662	6.0211	4.2912
1375	69	1	75	4.2568	1	0.091484	0.5758	0.037936	77.366	8.3528	-2.3655	-4.0954
1375	70	1	76	5.2568	1	0.091484	0.52796	-0.0099053	75.249	6.2365	0.75073	-0.97913
1375	71	1	76	5.2568	1	0.091484	0.54324	0.0053764	75.921	6.9081	0.079108	-1.6508
1375	72	1	71	0.25676	1	0.091484	0.54485	0.0069825	75.992	6.9789	-4.9917	-6.7215
1375	73	1	68	-2.7432	1	0.091484	0.44308	-0.094784	71.526	2.5132	-3.526	-5.2559
1375	74	3	57	-13.743	0	0.091484	0.23946	-0.29841	63.513	-5.5002	-6.5126	-8.2425
1375	75	4	63	-7.7432	1	0.091484	0.41681	-0.12105	68.432	-0.5806	-5.4322	-7.162
1375	76	4	60	-10.743	0	0.091484	0.31422	-0.22365	63.572	-5.4403	-3.5724	-5.3023
1375	77	2	24	-46.743	0	0.091484	0.01626	-0.52161	30.295	-38.718	-6.2946	-8.0245
1375	78	4	58	-12.743	0	0.091484	0.25654	-0.28132	60.376	-8.6363	-2.3764	-4.1063
1375	79	1	61	-9.7432	1	0.091484	0.55843	0.020561	68.372	-0.64121	-7.3716	-9.1014
1375	80	1	59	-11.743	1	0.091484	0.40889	-0.12897	61.777	-7.236	-2.7768	-4.5066
1375	81	2	18	-52.743	0	0.091484	0.014953	-0.52291	24.663	-44.349	-6.6633	-8.3932
1375	82	3	66	-4.7432	0	0.091484	0.30869	-0.22918	57.686	-11.326	8.3137	6.5839
1375	83	3	71	0.25676	1	0.091484	0.46858	-0.069283	65.124	-3.8888	5.8761	4.1462
1375	84	3	68	-2.7432	1	0.091484	0.58785	0.049985	70.381	1.3681	-2.3808	-4.1107
1375	85	3	72	1.2568	1	0.091484	0.53997	0.0021064	68.251	-0.76188	3.7491	2.0193
1375	86	3	71	0.25676	1	0.091484	0.61469	0.076825	71.605	2.5922	-0.60494	-2.3348
1375	87	3	72	1.2568	1	0.091484	0.6029	0.065034	71.064	2.051	0.93625	-0.79361
1375	88	3	71	0.25676	1	0.091484	0.62109	0.083227	71.901	2.8886	-0.90134	-2.6312
1375	89	3	69	-1.7432	1	0.091484	0.60358	0.065718	71.095	2.0822	-2.095	-3.8248
1375	90	3	66	-4.7432	1	0.091484	0.56192	0.024055	69.221	0.208	-3.2208	-4.9506
1375	91	3	62	-8.7432	1	0.091484	0.49634	-0.041526	66.339	-2.6734	-4.3394	-6.0692
1375	92	3	61	-9.7432	1	0.091484	0.40859	-0.12928	62.457	-6.5555	-1.4573	-3.1871
1375	93	4	42	-28.743	0	0.091484	0.29145	-0.24641	58.25	-10.762	-16.25	-17.98
1375	94	1	53	-17.743	0	0.091484	0.40809	-0.12977	59.293	-9.7202	-6.2926	-8.0225
1375	95	3	63	-7.7432	1	0.091484	0.57893	0.041064	61.154	-7.8592	1.8464	0.11658
1375	96	3	66	-4.7432	1	0.091484	0.61527	0.0774	62.805	-6.2073	3.1946	1.4647
1375	97	3	64	-6.7432	1	0.091484	0.67502	0.13715	65.663	-3.3494	-1.6634	-3.3932
1375	98	3	66	-4.7432	1	0.091484	0.64447	0.10661	64.175	-4.8375	1.8247	0.094862
1375	99	3	64	-6.7432	1	0.091484	0.67791	0.14004	65.808	-3.205	-1.8077	-3.5376
1375	100	3	67	-3.7432	1	0.091484	0.64479	0.10692	64.19	-4.8223	2.8095	1.0797
1375	101	3	73	2.2568	1	0.091484	0.69554	0.15768	66.704	-2.3088	6.2961	4.5662
1375	102	3	73	2.2568	1	0.091484	0.79273	0.25486	72.337	3.3238	0.66344	-1.0664
1375	103	3	69	-1.7432	1	0.091484	0.80151	0.26364	72.93	3.9173	-3.9301	-5.66
1375	104	3	68	-2.7432	1	0.091484	0.74538	0.20751	69.414	0.40138	-1.4141	-3.144
1375	105	3	74	3.2568	1	0.091484	0.72279	0.18493	68.149	-0.86374	5.851	4.1211
1375	106	3	68	-2.7432	1	0.091484	0.80803	0.27016	73.383	4.3707	-5.3835	-7.1133
1375	107	3	67	-3.7432	1	0.091484	0.73039	0.19253	68.567	-0.44548	-1.5673	-3.2971
1375	108	3	64	-6.7432	1	0.091484	0.7044	0.16654	67.165	-1.8476	-3.1652	-4.895
1375	109	3	68	-2.7432	1	0.091484	0.64778	0.10992	64.334	-4.6792	3.6665	1.9366
1375	110	3	65	-5.7432	1	0.091484	0.71287	0.17501	67.614	-1.3991	-2.6136	-4.3435
1375	111	3	68	-2.7432	1	0.091484	0.66718	0.12932	65.275	-3.7373	2.7246	0.99473
1375	112	3	69	-1.7432	1	0.091484	0.71473	0.17686	67.713	-1.2999	1.2871	-0.44276
1375	113	3	68	-2.7432	1	0.091484	0.73571	0.19785	68.864	-0.14838	-0.86437	-2.5942
1375	114	3	67	-3.7432	1	0.091484	0.72173	0.18386	68.091	-0.92167	-1.0911	-2.8209
1375	115	3	66	-4.7432	1	0.091484	0.70345	0.16558	67.115	-1.8978	-1.115	-2.8448
1375	116	3	62	-8.7432	1	0.091484	0.68406	0.1462	66.117	-2.8953	-4.1175	-5.8473
1375	117	4	65	-5.7432	0	0.091484	0.10952	-0.42835	43.712	-25.3	21.288	19.558
1375	118	4	66	-4.7432	1	0.091484	0.41256	-0.1253	62.757	-6.2559	3.2432	1.5133
1375	119	4	66	-4.7432	1	0.091484	0.47803	-0.059837	65.658	-3.3545	0.34175	-1.3881
1375	120	4	66	-4.7432	1	0.091484	0.48501	-0.052854	65.964	-3.0488	0.036012	-1.6938
1375	121	4	69	-1.7432	1	0.091484	0.48575	-0.052118	65.996	-3.0166	3.0038	1.2739
1375	122	4	69	-1.7432	1	0.091484	0.54707	0.0091994	68.683	-0.32928	0.31652	-1.4133
1375	123	4	65	-5.7432	1	0.091484	0.55348	0.01561	68.967	-0.04611	-3.9666	-5.6965
1375	124	4	64	-6.7432	1	0.091484	0.47255	-0.065319	65.418	-3.5948	-1.418	-3.1478
1375	125	4	63	-7.7432	1	0.091484	0.44375	-0.094121	64.149	-4.8633	-1.1494	-2.8793
1375	126	4	60	-10.743	1	0.091484	0.42066	-0.1172	63.121	-5.8916	-3.1211	-4.851
1375	127	4	59	-11.743	0	0.091484	0.35997	-0.1779	60.329	-8.6839	-1.3289	-3.0587
1375	128	1	59	-11.743	0	0.091484	0.20316	-0.3347	53.663	-15.35	5.3369	3.6071
1375	129	2	39	-31.743	0	0.091484	0.0074642	-0.5304	18.702	-50.311	20.298	18.568
1375	130	3	46	-24.743	1	0.091484	0.39526	-0.14261	62.434	-6.5789	-16.434	-18.164
1375	131	4	63	-7.7432	1	0.091484	0.41319	-0.12467	59.14	-9.8727	3.86	2.1301
1375	132	4	63	-7.7432	1	0.091484	0.49128	-0.046583	62.593	-6.4195	0.40674	-1.3231
1375	133	4	70	-0.74324	1	0.091484	0.4996	-0.038262	62.957	-6.0556	7.0429	5.313
1375	134	4	73	2.2568	1	0.091484	0.63988	0.10201	69.258	0.24511	3.7421	2.0123
1375	135	4	74	3.2568	1	0.091484	0.70705	0.16919	72.606	3.5929	1.3943	-0.33553
1375	136	4	78	7.2568	1	0.091484	0.73012	0.19225	73.853	4.8403	4.1469	2.4171
1375	137	4	78	7.2568	1	0.091484	0.79161	0.25374	77.563	8.5503	0.43698	-1.2929
1375	138	4	78	7.2568	1	0.091484	0.79744	0.25958	77.954	8.9412	0.046047	-1.6838
1375	139	4	75	4.2568	1	0.091484	0.79805	0.26019	77.995	8.9824	-2.9951	-4.725
1375	140	4	72	1.2568	1	0.091484	0.75566	0.21779	75.316	6.3029	-3.3156	-5.0455
1375	141	4	78	7.2568	1	0.091484	0.70217	0.16431	72.349	3.3366	5.6506	3.9208
1375	142	4	80	9.2568	1	0.091484	0.7892	0.25134	77.405	8.3918	2.5954	0.86557
1375	143	4	80	9.2568	1	0.091484	0.82238	0.28451	79.727	10.714	0.27349	-1.4564
1375	144	4	83	12.257	1	0.091484	0.82563	0.28776	79.971	10.958	3.0288	1.299
1375	145	4	82	11.257	1	0.091484	0.85849	0.32063	82.681	13.668	-0.68084	-2.4107
1375	146	4	86	15.257	1	0.091484	0.85159	0.31372	82.072	13.059	3.9283	2.1984
1375	147	4	87	16.257	1	0.091484	0.88781	0.34995	85.586	16.573	1.4139	-0.31592
1375	148	4	87	16.257	1	0.091484	0.89883	0.36097	86.851	17.838	0.14899	-1.5809
1375	149	4	86	15.257	1	0.091484	0.89994	0.36207	86.984	17.972	-0.9843	-2.7142
