1	90	1	0.025313
2	20	0	0.025313
3	89	0	0.025313
4	88	0	0.025313
1	89	1	0.025313
2	20	0	0.025313
3	79	0	0.025313
4	77	0	0.025313
1	75	1	0.025313
2	26	0	0.025313
3	76	0	0.025313
1	74	1	0.025313
4	72	0	0.025313
1	72	1	0.025313
2	24	0	0.025313
3	71	0	0.025313
1	73	1	0.025313
4	72	0	0.025313
1	74	1	0.025313
3	75	0	0.025313
3	74	0	0.025313
1	76	1	0.025313
4	79	0	0.025313
4	78	0	0.025313
4	76	0	0.025313
1	74	1	0.025313
3	76	0	0.025313
2	20	0	0.025313
4	81	0	0.025313
4	78	0	0.025313
1	77	0	0.025313
3	78	0	0.025313
4	82	0	0.025313
4	82	1	0.025313
4	76	1	0.025313
1	74	0	0.025313
2	33	0	0.025313
3	76	0	0.025313
4	75	1	0.025313
1	76	0	0.025313
1	77	0	0.025313
1	78	0	0.025313
1	79	1	0.025313
1	76	1	0.025313
1	71	1	0.025313
4	72	0	0.025313
3	65	0	0.025313
4	63	0	0.025313
1	67	1	0.025313
1	65	1	0.025313
2	50	0	0.025313
4	60	0	0.025313
1	67	1	0.025313
2	53	0	0.025313
1	69	1	0.025313
1	76	1	0.025313
1	73	1	0.025313
4	68	0	0.025313
2	56	0	0.025313
1	72	1	0.025313
3	72	0	0.025313
3	72	0	0.025313
3	76	0	0.025313
1	81	1	0.025313
1	80	1	0.025313
1	78	1	0.025313
4	81	0	0.025313
4	78	0	0.025313
1	83	1	0.025313
1	89	1	0.025313
1	89	1	0.025313
1	92	1	0.025313
1	93	1	0.025313
4	88	0	0.025313
1	87	1	0.025313
2	63	0	0.025313
3	85	0	0.025313
1	84	1	0.025313
4	84	0	0.025313
1	89	1	0.025313
1	88	1	0.025313
4	86	0	0.025313
1	86	1	0.025313
3	84	0	0.025313
1	86	1	0.025313
1	85	1	0.025313
4	79	0	0.025313
1	80	1	0.025313
3	79	0	0.025313
1	77	1	0.025313
3	77	0	0.025313
2	53	0	0.025313
4	77	0	0.025313
1	79	1	0.025313
1	77	1	0.025313
1	74	1	0.025313
4	75	0	0.025313
3	72	0	0.025313
2	51	0	0.025313
1	71	1	0.025313
4	71	0	0.025313
1	72	1	0.025313
1	70	1	0.025313
4	69	0	0.025313
3	71	0	0.025313
1	70	1	0.025313
3	75	0	0.025313
1	73	1	0.025313
3	71	0	0.025313
1	71	1	0.025313
4	65	0	0.025313
2	50	0	0.025313
1	65	1	0.025313
3	62	0	0.025313
4	63	0	0.025313
1	63	1	0.025313
2	56	0	0.025313
3	60	0	0.025313
1	58	1	0.025313
2	56	0	0.025313
4	57	0	0.025313
3	56	0	0.025313
2	57	0	0.025313
1	59	1	0.025313
4	60	0	0.025313
1	62	1	0.025313
2	59	0	0.025313
3	64	0	0.025313
1	70	1	0.025313
4	68	0	0.025313
3	66	0	0.025313
1	63	1	0.025313
2	57	0	0.025313
4	69	0	0.025313
1	70	1	0.025313
4	68	0	0.025313
1	68	1	0.025313
1	67	1	0.025313
3	67	0	0.025313
3	66	0	0.025313
4	67	0	0.025313
4	71	0	0.025313
4	68	0	0.025313
1	63	1	0.025313
4	62	0	0.025313
3	62	0	0.025313
2	76	0	0.025313
2	76	0	0.025313
2	78	0	0.025313
2	78	0	0.025313
