1	42	1	0.044375
4	22	0	0.044375
2	32	0	0.044375
2	32	0	0.044375
3	44	0	0.044375
1	48	0	0.044375
1	47	1	0.044375
4	29	0	0.044375
3	47	0	0.044375
4	30	0	0.044375
1	51	0	0.044375
2	44	0	0.044375
3	41	0	0.044375
3	39	0	0.044375
4	31	0	0.044375
1	45	1	0.044375
3	36	0	0.044375
1	43	1	0.044375
4	30	0	0.044375
3	44	0	0.044375
2	55	1	0.044375
4	37	0	0.044375
3	49	0	0.044375
4	41	0	0.044375
4	39	0	0.044375
1	50	0	0.044375
3	46	0	0.044375
3	45	0	0.044375
2	52	1	0.044375
1	38	0	0.044375
4	37	0	0.044375
3	37	0	0.044375
2	57	1	0.044375
1	57	0	0.044375
2	55	0	0.044375
4	40	0	0.044375
1	55	1	0.044375
3	41	0	0.044375
2	51	1	0.044375
4	49	0	0.044375
1	57	1	0.044375
3	36	0	0.044375
1	60	1	0.044375
2	48	0	0.044375
1	55	1	0.044375
4	52	0	0.044375
1	56	1	0.044375
2	50	0	0.044375
3	42	0	0.044375
4	51	0	0.044375
1	53	1	0.044375
2	58	0	0.044375
2	62	1	0.044375
2	60	1	0.044375
1	46	0	0.044375
4	47	0	0.044375
3	48	0	0.044375
2	69	1	0.044375
2	66	1	0.044375
4	52	0	0.044375
3	49	0	0.044375
1	51	0	0.044375
2	69	1	0.044375
2	66	1	0.044375
2	63	1	0.044375
4	48	0	0.044375
4	45	0	0.044375
3	57	0	0.044375
3	63	0	0.044375
NaN	NaN	NaN	0.044375
3	63	1	0.044375
3	63	1	0.044375
1	56	0	0.044375
1	52	0	0.044375
2	67	0	0.044375
3	65	0	0.044375
2	64	1	0.044375
3	64	1	0.044375
2	60	0	0.044375
3	67	1	0.044375
1	56	0	0.044375
3	61	1	0.044375
4	34	0	0.044375
2	64	0	0.044375
3	57	0	0.044375
3	56	0	0.044375
2	66	1	0.044375
2	66	1	0.044375
2	67	1	0.044375
2	64	1	0.044375
2	63	1	0.044375
2	60	1	0.044375
1	57	0	0.044375
4	31	0	0.044375
4	29	0	0.044375
1	53	0	0.044375
2	58	1	0.044375
3	50	0	0.044375
1	59	0	0.044375
2	60	0	0.044375
2	60	1	0.044375
1	57	0	0.044375
2	67	1	0.044375
2	73	1	0.044375
2	74	1	0.044375
2	78	1	0.044375
2	72	1	0.044375
1	49	0	0.044375
3	54	0	0.044375
4	46	0	0.044375
2	62	1	0.044375
2	60	1	0.044375
3	55	0	0.044375
1	45	0	0.044375
2	54	1	0.044375
4	44	0	0.044375
3	50	1	0.044375
2	53	1	0.044375
1	56	0	0.044375
1	53	1	0.044375
3	50	0	0.044375
2	50	1	0.044375
4	46	0	0.044375
4	50	0	0.044375
4	53	0	0.044375
4	59	1	0.044375
4	58	1	0.044375
4	59	1	0.044375
4	62	1	0.044375
4	67	1	0.044375
4	73	1	0.044375
4	73	1	0.044375
4	74	1	0.044375
4	74	1	0.044375
4	72	1	0.044375
1	50	0	0.044375
2	44	0	0.044375
3	53	0	0.044375
4	75	1	0.044375
4	74	1	0.044375
4	73	1	0.044375
4	70	1	0.044375
4	64	1	0.044375
3	46	0	0.044375
1	44	0	0.044375
2	51	0	0.044375
3	52	0	0.044375
2	51	0	0.044375
4	57	1	0.044375
4	61	1	0.044375
